Sex,Length,Whole weight,Rings
"M",0.455,0.514,15
"M",0.35,0.2255,7
"F",0.53,0.677,9
"M",0.44,0.516,10
"I",0.33,0.205,7
"I",0.425,0.3515,8
"F",0.53,0.7775,20
"F",0.545,0.768,16
"M",0.475,0.5095,9
"F",0.55,0.8945,19
"F",0.525,0.6065,14
"M",0.43,0.406,10
"M",0.49,0.5415,11
"F",0.535,0.6845,10
"F",0.47,0.4755,10
"M",0.5,0.6645,12
"I",0.355,0.2905,7
"F",0.44,0.451,10
"M",0.365,0.2555,7
"M",0.45,0.381,9
"M",0.355,0.2455,11
"I",0.38,0.2255,10
"F",0.565,0.9395,12
"F",0.55,0.7635,9
"F",0.615,1.1615,10
"F",0.56,0.9285,11
"F",0.58,0.9955,11
"M",0.59,0.931,12
"M",0.605,0.9365,15
"M",0.575,0.8635,11
"M",0.58,0.9975,10
"F",0.68,1.639,15
"M",0.665,1.338,18
"F",0.68,1.798,19
"F",0.705,1.7095,13
"M",0.465,0.4795,8
"F",0.54,1.217,16
"F",0.45,0.5225,8
"F",0.575,0.883,11
"M",0.355,0.3275,9
"F",0.45,0.425,9
"F",0.55,0.8515,14
"I",0.24,0.07,5
"I",0.205,0.042,5
"I",0.21,0.042,4
"I",0.39,0.203,7
"M",0.47,0.5795,9
"F",0.46,0.4605,7
"I",0.325,0.161,6
"F",0.525,0.8355,9
"I",0.52,0.595,8
"M",0.4,0.303,7
"M",0.485,0.5415,10
"F",0.47,0.4775,10
"M",0.405,0.385,7
"F",0.5,0.6615,8
"M",0.445,0.4425,8
"M",0.47,0.5895,8
"I",0.245,0.086,4
"F",0.505,0.583,7
"M",0.45,0.4115,7
"M",0.505,0.625,9
"F",0.53,0.6965,10
"M",0.425,0.3785,7
"M",0.52,0.58,8
"M",0.475,0.48,8
"F",0.565,0.915,12
"F",0.595,1.285,13
"F",0.475,0.5305,10
"I",0.31,0.151,6
"M",0.555,0.7665,13
"F",0.4,0.353,8
"F",0.595,1.247,20
"M",0.57,1.185,11
"F",0.605,1.098,13
"F",0.6,1.0075,15
"M",0.595,0.944,9
"F",0.6,0.922,10
"F",0.555,0.788,11
"F",0.615,1.1025,14
"F",0.575,0.941,9
"M",0.62,1.615,12
"F",0.52,0.9885,16
"M",0.595,1.3175,21
"M",0.58,1.013,14
"F",0.57,1.295,12
"M",0.625,1.195,13
"M",0.56,0.8645,10
"F",0.46,0.517,9
"F",0.575,0.9775,12
"M",0.565,0.8115,15
"M",0.555,0.755,12
"M",0.595,1.115,13
"F",0.625,1.262,10
"M",0.695,1.494,15
"M",0.665,1.606,14
"M",0.535,0.725,9
"M",0.47,0.523,8
"M",0.47,0.5225,7
"F",0.475,0.5785,10
"I",0.36,0.2315,7
"M",0.55,0.843,15
"M",0.53,0.883,15
"M",0.53,0.724,10
"M",0.605,1.1735,12
"F",0.52,0.727,12
"F",0.545,0.802,11
"F",0.5,0.6675,10
"F",0.51,0.6335,9
"F",0.435,0.3635,9
"M",0.495,0.5415,9
"M",0.465,0.431,9
"I",0.435,0.3325,9
"M",0.425,0.393,9
"F",0.545,0.6935,11
"F",0.53,0.5915,11
"F",0.49,0.6125,11
"M",0.44,0.402,10
"F",0.56,0.8825,9
"M",0.405,0.2605,8
"F",0.47,0.4205,9
"I",0.385,0.2535,7
"F",0.515,0.766,14
"M",0.37,0.214,6
"I",0.36,0.1755,6
"I",0.27,0.073,5
"I",0.375,0.238,6
"I",0.385,0.2505,8
"M",0.7,1.7255,19
"M",0.71,1.959,18
"M",0.595,1.262,17
"F",0.44,0.4035,9
"F",0.325,0.1915,7
"I",0.35,0.211,7
"I",0.265,0.0975,7
"F",0.425,0.406,8
"F",0.305,0.156,7
"M",0.345,0.2005,9
"F",0.405,0.3555,9
"M",0.375,0.253,9
"F",0.565,0.826,10
"F",0.55,0.741,10
"M",0.65,1.3445,16
"M",0.56,0.797,11
"M",0.475,0.5175,10
"F",0.49,0.549,10
"M",0.46,0.515,10
"I",0.28,0.127,9
"I",0.175,0.0315,5
"I",0.17,0.03,4
"M",0.59,1.053,15
"F",0.605,1.1185,9
"F",0.635,1.3715,10
"F",0.605,1.0565,10
"F",0.565,0.9885,12
"M",0.515,0.722,10
"F",0.575,0.994,13
"M",0.645,1.514,16
"F",0.58,0.9075,13
"F",0.575,1.124,13
"M",0.605,1.056,13
"F",0.605,1.222,13
"M",0.61,1.2445,12
"F",0.725,2.141,18
"F",0.65,1.752,16
"M",0.725,2.55,14
"F",0.725,2.124,20
"F",0.68,1.842,20
"M",0.705,1.981,14
"F",0.68,1.6185,12
"M",0.695,1.9565,14
"F",0.53,0.775,7
"M",0.525,1.065,8
"F",0.52,0.776,8
"I",0.235,0.048,5
"I",0.36,0.1785,7
"I",0.315,0.125,5
"I",0.315,0.1435,8
"I",0.225,0.0465,4
"M",0.58,0.97,11
"M",0.57,0.9395,14
"M",0.64,1.368,21
"F",0.56,1.0235,10
"F",0.62,1.0165,10
"F",0.645,1.5675,12
"M",0.62,1.218,13
"F",0.63,1.0525,12
"F",0.63,1.383,10
"F",0.63,1.199,11
"F",0.585,0.9325,9
"M",0.615,1.1595,13
"M",0.61,1.0225,12
"M",0.58,0.927,14
"I",0.355,0.22,8
"F",0.51,0.8145,10
"M",0.5,0.772,12
"F",0.505,0.644,11
"M",0.64,1.3035,16
"M",0.56,0.922,15
"M",0.585,0.922,10
"F",0.45,0.4165,9
"M",0.5,0.825,13
"F",0.5,0.63,12
"F",0.53,0.8155,13
"M",0.42,0.369,8
"F",0.44,0.482,9
"I",0.4,0.315,9
"I",0.435,0.3795,8
"F",0.525,0.8325,13
"I",0.37,0.2655,7
"F",0.49,0.6345,10
"M",0.335,0.181,7
"F",0.415,0.38,12
"M",0.5,0.6155,9
"F",0.485,0.66,14
"M",0.55,0.8025,10
"M",0.45,0.46,8
"I",0.405,0.324,7
"M",0.47,0.501,10
"F",0.415,0.32,8
"F",0.445,0.455,9
"F",0.47,0.5175,11
"F",0.49,0.5755,9
"F",0.445,0.485,11
"I",0.425,0.3265,10
"F",0.5,0.45,9
"F",0.39,0.3055,7
"I",0.365,0.205,7
"F",0.58,1.1015,11
"F",0.53,0.783,15
"M",0.555,0.836,13
"M",0.565,0.9025,14
"M",0.625,1.4455,22
"I",0.275,0.1155,7
"I",0.44,0.435,12
"I",0.295,0.124,9
"I",0.075,0.002,1
"I",0.13,0.013,3
"I",0.11,0.008,3
"I",0.16,0.021,5
"M",0.565,0.9425,17
"I",0.27,0.1,5
"I",0.23,0.0645,5
"I",0.3,0.1275,8
"I",0.33,0.1655,8
"I",0.35,0.174,10
"I",0.32,0.1585,13
"I",0.36,0.1975,9
"I",0.305,0.156,7
"I",0.345,0.2135,7
"I",0.33,0.1715,7
"M",0.59,1.1235,13
"F",0.595,1.0605,12
"F",0.575,1.094,15
"M",0.6,1.2415,15
"M",0.56,1.011,15
"M",0.56,1.07,19
"M",0.545,0.8975,10
"F",0.635,1.415,15
"F",0.59,1.1015,13
"F",0.54,0.928,11
"F",0.57,0.865,12
"M",0.53,0.8945,11
"I",0.245,0.095,4
"M",0.27,0.1205,6
"F",0.46,0.639,11
"M",0.52,0.895,14
"M",0.35,0.2925,8
"M",0.47,0.6355,9
"F",0.45,0.4995,13
"F",0.64,1.779,22
"M",0.59,1.187,16
"M",0.62,1.219,14
"M",0.63,1.525,15
"M",0.63,1.259,13
"M",0.655,1.844,22
"F",0.66,1.3485,12
"M",0.61,1.642,18
"M",0.635,1.484,20
"F",0.515,0.712,11
"F",0.535,0.8415,15
"I",0.36,0.2415,7
"F",0.455,0.4495,9
"M",0.485,0.6295,14
"M",0.515,0.9565,14
"F",0.535,0.879,10
"M",0.53,0.699,10
"F",0.495,0.6445,17
"M",0.44,0.4775,9
"F",0.535,0.8105,10
"M",0.54,0.996,17
"F",0.565,1.2765,12
"M",0.61,1.116,15
"F",0.565,1.013,19
"M",0.6,1.0575,26
"I",0.295,0.128,6
"I",0.275,0.1105,6
"I",0.28,0.1065,4
"M",0.49,0.549,11
"M",0.37,0.234,9
"F",0.405,0.3485,9
"F",0.54,0.892,13
"M",0.37,0.252,8
"M",0.36,0.217,6
"F",0.47,0.472,10
"I",0.2,0.037,4
"I",0.165,0.0215,3
"M",0.645,1.5415,13
"M",0.55,0.7605,14
"M",0.57,0.9055,10
"F",0.63,1.2435,21
"M",0.56,0.971,14
"M",0.595,1.3305,19
"F",0.62,1.2255,23
"M",0.63,1.3,23
"I",0.45,0.4585,8
"F",0.635,1.242,14
"M",0.45,0.3675,10
"F",0.58,0.8365,18
"I",0.33,0.172,6
"I",0.265,0.0965,5
"I",0.19,0.038,4
"M",0.385,0.2845,11
"I",0.265,0.1055,5
"M",0.335,0.222,7
"I",0.355,0.251,7
"I",0.32,0.1755,7
"M",0.51,0.6435,12
"M",0.36,0.241,8
"I",0.36,0.2255,8
"M",0.5,0.5955,12
"F",0.4,0.3185,8
"I",0.3,0.121,5
"I",0.235,0.0705,5
"F",0.74,1.974,16
"M",0.62,1.3415,11
"M",0.6,1.0875,14
"M",0.59,1.283,16
"M",0.62,1.325,13
"F",0.565,1.0035,15
"M",0.575,1.165,14
"F",0.62,1.3475,14
"M",0.62,1.274,12
"F",0.505,0.568,12
"F",0.46,0.746,8
"M",0.49,0.707,13
"F",0.525,0.756,9
"I",0.34,0.2,6
"I",0.375,0.2715,8
"M",0.61,1.2,14
"F",0.61,1.153,8
"F",0.585,0.8685,22
"M",0.57,0.9535,12
"M",0.58,0.93,9
"M",0.635,1.275,16
"M",0.7,2.13,20
"M",0.675,1.587,13
"F",0.645,1.8085,18
"M",0.745,2.499,17
"F",0.685,1.768,16
"M",0.605,1.227,18
"F",0.59,0.997,12
"F",0.65,1.4225,20
"F",0.6,1.029,16
"F",0.62,1.186,12
"M",0.63,1.016,19
"M",0.58,0.887,11
"F",0.58,1.0735,10
"M",0.63,1.13,12
"F",0.69,1.719,17
"F",0.65,1.566,16
"F",0.66,1.7605,16
"F",0.68,1.787,19
"F",0.7,1.31,14
"M",0.685,1.343,13
"F",0.675,1.7345,20
"M",0.63,1.1775,11
"F",0.585,1.077,10
"M",0.565,0.995,15
"F",0.61,1.1085,12
"M",0.605,1.1405,15
"M",0.535,0.791,10
"M",0.485,0.663,10
"M",0.47,0.5565,12
"M",0.545,0.8445,10
"F",0.455,0.4925,9
"M",0.54,0.7385,12
"M",0.46,0.482,10
"M",0.49,0.609,14
"I",0.465,0.471,9
"I",0.415,0.3215,10
"M",0.475,0.593,10
"F",0.47,0.5615,10
"I",0.365,0.25,9
"I",0.345,0.1995,6
"I",0.39,0.302,11
"F",0.5,0.7155,10
"M",0.47,0.5865,8
"M",0.535,0.6765,12
"M",0.585,0.987,11
"F",0.485,0.5885,9
"M",0.515,0.7225,9
"F",0.435,0.4335,7
"F",0.515,0.6935,10
"I",0.44,0.365,7
"F",0.525,0.8425,12
"M",0.45,0.479,8
"M",0.59,0.911,16
"M",0.555,0.915,11
"M",0.57,0.827,8
"M",0.59,1.1045,15
"M",0.585,0.945,14
"F",0.58,0.9935,11
"M",0.545,0.8565,12
"F",0.605,1.2385,14
"F",0.62,1.0325,15
"F",0.63,1.3135,20
"M",0.63,1.352,20
"F",0.63,1.005,16
"M",0.545,0.625,13
"F",0.67,1.5015,14
"I",0.49,0.529,11
"F",0.49,0.5785,13
"I",0.29,0.101,8
"I",0.26,0.092,6
"M",0.58,1.068,13
"F",0.61,1.0915,18
"M",0.6,1.015,19
"F",0.56,0.943,21
"F",0.575,1.0475,18
"F",0.57,0.9555,18
"M",0.6,1.036,20
"M",0.565,0.9065,18
"M",0.545,0.7505,22
"I",0.44,0.366,13
"M",0.5,0.662,11
"I",0.36,0.217,7
"I",0.385,0.252,14
"M",0.39,0.3055,9
"M",0.5,0.6885,13
"I",0.36,0.2335,10
"I",0.335,0.192,8
"F",0.505,0.85,19
"I",0.395,0.2715,10
"F",0.41,0.3635,10
"F",0.56,0.714,9
"M",0.565,0.9815,13
"M",0.565,0.9265,16
"M",0.605,1.098,12
"F",0.565,0.8205,18
"M",0.725,1.891,16
"F",0.675,1.41,16
"F",0.665,1.4385,17
"F",0.565,0.9245,11
"F",0.645,1.2915,14
"M",0.575,0.8375,11
"F",0.64,1.221,15
"I",0.36,0.199,9
"I",0.415,0.2965,10
"F",0.525,0.7085,11
"M",0.38,0.2665,11
"F",0.585,0.9915,12
"I",0.24,0.0715,6
"I",0.22,0.0545,5
"I",0.255,0.0735,6
"I",0.175,0.0235,5
"F",0.67,1.3905,12
"M",0.655,1.388,13
"F",0.68,1.7445,17
"M",0.675,1.4385,21
"F",0.53,0.7835,9
"F",0.515,0.646,10
"I",0.43,0.3575,9
"F",0.52,0.627,11
"F",0.545,0.7715,10
"M",0.53,0.7395,17
"F",0.465,0.421,9
"M",0.665,1.347,17
"M",0.735,1.756,21
"M",0.66,1.32,16
"F",0.7,1.8075,29
"M",0.575,0.9325,17
"M",0.57,0.849,15
"F",0.58,0.9955,19
"M",0.63,1.0115,12
"F",0.585,0.908,13
"M",0.55,0.92,11
"F",0.625,1.2415,15
"M",0.54,0.8075,11
"F",0.57,1.0595,14
"M",0.59,1.073,14
"M",0.58,0.921,13
"F",0.655,1.2895,11
"M",0.655,1.2635,15
"M",0.625,1.369,17
"F",0.625,0.953,15
"F",0.64,1.248,12
"F",0.605,1.0105,19
"F",0.615,1.0385,11
"M",0.555,0.874,10
"F",0.58,0.854,12
"F",0.62,1.1835,23
"F",0.62,1.115,15
"F",0.6,1.129,13
"F",0.625,1.1745,17
"M",0.6,1.105,15
"M",0.56,0.8395,12
"M",0.585,1.055,15
"M",0.56,0.889,11
"I",0.56,0.8735,16
"I",0.68,1.1095,10
"F",0.455,0.5185,10
"F",0.49,0.6725,10
"M",0.31,0.146,6
"F",0.275,0.08,5
"M",0.27,0.1,6
"M",0.4,0.2795,9
"M",0.28,0.0915,5
"M",0.325,0.147,4
"F",0.345,0.203,6
"M",0.21,0.0385,3
"F",0.36,0.1885,5
"I",0.365,0.218,9
"M",0.2,0.035,5
"M",0.235,0.0545,4
"M",0.175,0.024,4
"M",0.155,0.0155,3
"F",0.57,0.733,14
"F",0.57,0.9715,12
"M",0.385,0.24,9
"I",0.53,0.752,20
"F",0.46,0.458,13
"I",0.47,0.4705,12
"F",0.435,0.38,9
"I",0.47,0.4985,10
"I",0.465,0.454,11
"I",0.52,0.5775,11
"M",0.29,0.1165,7
"M",0.275,0.094,5
"F",0.375,0.2705,10
"F",0.5,0.604,15
"F",0.44,0.415,11
"M",0.42,0.2885,15
"M",0.445,0.3615,8
"F",0.38,0.257,10
"M",0.32,0.1555,11
"M",0.255,0.08,8
"M",0.205,0.0425,7
"F",0.565,0.795,12
"I",0.555,0.875,11
"I",0.65,1.1625,17
"I",0.615,0.9885,13
"I",0.56,0.8,12
"I",0.48,0.514,13
"I",0.485,0.591,9
"I",0.5,0.6265,10
"I",0.525,0.795,14
"F",0.66,1.1905,12
"F",0.66,1.326,13
"I",0.52,0.66,13
"F",0.44,0.364,8
"I",0.515,0.659,13
"F",0.475,0.452,11
"F",0.545,0.7335,11
"F",0.47,0.5465,14
"M",0.35,0.179,10
"I",0.485,0.581,12
"I",0.435,0.406,12
"M",0.28,0.1085,7
"F",0.41,0.387,11
"I",0.45,0.474,16
"I",0.45,0.443,14
"F",0.59,1.066,20
"F",0.57,0.9535,17
"I",0.61,0.9665,10
"F",0.61,1.133,11
"I",0.56,0.9175,10
"F",0.585,0.982,10
"I",0.58,0.8865,11
"F",0.63,1.3675,17
"F",0.625,1.233,11
"I",0.55,0.806,14
"F",0.645,1.4635,19
"I",0.46,0.4935,13
"F",0.41,0.363,11
"I",0.495,0.6655,11
"I",0.52,0.6805,10
"F",0.55,0.8285,13
"M",0.45,0.4625,14
"F",0.405,0.3095,13
"I",0.51,0.745,13
"F",0.37,0.25,9
"I",0.525,0.874,18
"F",0.66,1.514,19
"M",0.535,0.6995,12
"I",0.575,0.8525,13
"F",0.55,0.7135,9
"I",0.605,0.939,13
"I",0.605,1.054,12
"F",0.56,0.981,16
"I",0.535,0.926,17
"F",0.385,0.286,10
"F",0.39,0.265,13
"I",0.47,0.4885,11
"I",0.515,0.5555,12
"I",0.425,0.425,13
"M",0.345,0.195,9
"I",0.485,0.458,10
"M",0.37,0.228,10
"M",0.35,0.1775,12
"F",0.44,0.4085,12
"M",0.195,0.032,4
"M",0.325,0.155,9
"I",0.495,0.4775,18
"I",0.45,0.525,15
"M",0.415,0.3865,13
"F",0.47,0.433,12
"M",0.32,0.17,7
"M",0.31,0.1295,9
"M",0.235,0.0515,7
"M",0.345,0.169,10
"I",0.485,0.673,18
"F",0.5,0.6785,12
"F",0.5,0.498,17
"I",0.465,0.498,15
"F",0.525,0.658,12
"F",0.425,0.322,10
"F",0.38,0.2815,8
"I",0.53,0.944,21
"M",0.34,0.1835,10
"I",0.475,0.49,9
"F",0.43,0.391,7
"M",0.46,0.467,10
"I",0.47,0.5225,9
"M",0.36,0.2105,9
"M",0.355,0.168,8
"M",0.38,0.258,7
"M",0.355,0.1905,6
"I",0.44,0.487,14
"F",0.51,0.5735,13
"M",0.325,0.173,7
"I",0.62,1.1785,13
"F",0.59,0.9,19
"M",0.33,0.1875,7
"M",0.45,0.3715,9
"I",0.445,0.347,11
"M",0.33,0.1145,6
"M",0.48,0.777,9
"I",0.46,0.4885,11
"F",0.475,0.447,9
"M",0.255,0.079,5
"I",0.335,0.1665,6
"I",0.47,0.466,11
"M",0.31,0.1345,7
"F",0.37,0.2305,10
"M",0.295,0.129,7
"F",0.555,0.97,17
"F",0.615,1.14,16
"I",0.58,1.3165,18
"F",0.585,0.9585,11
"I",0.65,1.626,18
"I",0.535,0.781,11
"F",0.415,0.3675,10
"F",0.38,0.281,12
"I",0.45,0.412,19
"F",0.395,0.2245,10
"M",0.455,0.4835,11
"F",0.485,0.605,15
"M",0.55,0.9175,13
"F",0.45,0.5425,13
"M",0.475,0.6175,14
"F",0.5,0.655,17
"F",0.53,0.8115,19
"M",0.49,0.573,21
"F",0.49,0.7865,23
"F",0.52,0.64,22
"M",0.54,0.74,12
"F",0.5,0.5945,11
"F",0.45,0.8165,23
"F",0.37,0.2225,8
"I",0.37,0.2295,7
"M",0.485,0.5725,10
"F",0.435,0.3915,7
"M",0.535,0.8345,16
"M",0.51,0.6515,10
"M",0.565,0.909,15
"F",0.535,0.8045,13
"F",0.535,0.927,16
"M",0.525,0.7305,11
"M",0.59,0.9555,11
"M",0.5,0.636,10
"I",0.255,0.0865,5
"F",0.43,0.3865,11
"M",0.38,0.283,9
"I",0.165,0.019,4
"I",0.315,0.1285,7
"I",0.155,0.0175,4
"M",0.28,0.1165,5
"F",0.43,0.444,13
"F",0.395,0.3515,16
"M",0.385,0.2905,12
"F",0.48,0.536,14
"F",0.445,0.4525,9
"M",0.395,0.316,12
"M",0.4,0.417,9
"M",0.415,0.417,10
"M",0.315,0.203,11
"F",0.345,0.207,10
"M",0.36,0.2765,10
"I",0.295,0.1105,7
"I",0.325,0.176,7
"M",0.375,0.2465,11
"I",0.28,0.1135,7
"M",0.355,0.201,8
"M",0.35,0.1915,9
"I",0.275,0.1035,7
"I",0.29,0.0975,8
"I",0.25,0.0765,6
"I",0.18,0.0265,4
"I",0.15,0.015,2
"I",0.16,0.018,3
"M",0.555,1.0575,13
"M",0.555,1.092,15
"M",0.525,0.99,15
"M",0.465,0.488,11
"F",0.49,0.5005,17
"M",0.4,0.297,10
"F",0.48,0.525,12
"M",0.505,0.77,13
"F",0.52,0.6515,15
"M",0.525,0.8295,11
"M",0.545,0.879,13
"M",0.52,0.823,15
"M",0.505,0.656,13
"M",0.525,0.8665,18
"M",0.51,0.6565,10
"M",0.52,0.669,12
"F",0.52,0.6435,12
"M",0.535,0.862,14
"M",0.445,0.3795,10
"M",0.53,0.835,14
"F",0.36,0.2065,8
"F",0.535,0.7365,14
"F",0.52,0.8175,17
"M",0.53,0.8425,20
"F",0.53,1.001,17
"F",0.66,1.676,17
"M",0.52,0.6595,9
"M",0.535,0.8055,14
"M",0.695,1.5165,15
"F",0.51,0.612,13
"M",0.485,0.547,10
"F",0.605,1.122,13
"F",0.58,1.1365,13
"M",0.65,1.4805,20
"M",0.62,1.5275,13
"M",0.615,1.1375,20
"F",0.605,1.437,15
"M",0.57,1.116,13
"M",0.57,1.0615,15
"M",0.585,1.2565,15
"F",0.55,0.946,16
"F",0.54,0.959,17
"M",0.64,1.613,14
"F",0.61,1.153,14
"M",0.545,0.978,11
"F",0.59,1.1325,13
"M",0.345,0.197,9
"F",0.55,0.785,11
"F",0.53,0.949,17
"F",0.53,0.9805,11
"I",0.485,0.521,8
"M",0.385,0.2685,8
"M",0.455,0.462,9
"M",0.49,0.7605,10
"M",0.53,0.732,11
"M",0.505,0.6775,15
"M",0.49,0.6385,13
"M",0.465,0.5755,15
"F",0.47,0.537,15
"M",0.56,0.93,13
"M",0.505,0.6415,12
"M",0.515,0.8815,10
"I",0.385,0.244,6
"I",0.215,0.0525,5
"M",0.55,1.042,15
"F",0.515,0.5755,9
"M",0.495,0.709,12
"F",0.505,0.644,9
"F",0.6,0.8875,12
"F",0.57,0.8935,10
"F",0.485,0.556,10
"M",0.47,0.51,9
"M",0.575,0.9215,12
"M",0.58,1.0345,12
"M",0.515,0.695,15
"M",0.53,0.7155,11
"M",0.44,0.394,9
"M",0.52,0.745,11
"F",0.425,0.3665,11
"M",0.46,0.495,10
"M",0.45,0.349,10
"M",0.425,0.4405,9
"I",0.37,0.22,7
"M",0.515,0.6615,10
"M",0.405,0.3185,7
"I",0.28,0.1015,6
"F",0.48,0.759,15
"F",0.44,0.4195,10
"F",0.52,0.807,12
"M",0.505,0.875,12
"F",0.49,0.6835,21
"I",0.235,0.067,6
"I",0.255,0.088,5
"I",0.315,0.1715,7
"I",0.325,0.1735,7
"I",0.335,0.183,6
"I",0.35,0.2055,6
"I",0.35,0.18,6
"I",0.36,0.27,7
"I",0.365,0.24,7
"I",0.37,0.2215,6
"I",0.38,0.1375,7
"I",0.385,0.312,6
"I",0.385,0.2895,7
"I",0.395,0.319,7
"I",0.395,0.304,6
"I",0.4,0.306,6
"I",0.41,0.394,6
"I",0.415,0.3735,7
"M",0.415,0.325,6
"I",0.425,0.398,6
"I",0.44,0.501,9
"I",0.445,0.4895,7
"I",0.445,0.378,7
"I",0.45,0.547,8
"M",0.47,0.5805,8
"I",0.475,0.5465,9
"F",0.48,0.6395,8
"I",0.485,0.498,9
"M",0.49,0.609,8
"F",0.495,0.7555,9
"M",0.5,0.5975,9
"M",0.505,0.8275,8
"M",0.525,0.7635,8
"M",0.54,0.891,9
"F",0.54,0.805,11
"F",0.545,0.9185,10
"F",0.55,0.923,8
"M",0.55,1.0145,10
"F",0.55,0.875,10
"M",0.555,0.9685,9
"M",0.565,1.0595,10
"M",0.57,0.952,9
"M",0.57,0.7535,10
"F",0.575,0.958,9
"M",0.59,1.077,9
"M",0.59,1.102,12
"F",0.595,1.11,10
"F",0.595,1.2095,8
"F",0.595,1.1405,6
"F",0.595,1.113,12
"M",0.6,1.3445,11
"F",0.6,1.21,10
"M",0.6,1.29,11
"F",0.605,1.382,10
"M",0.605,1.1035,9
"F",0.615,1.377,12
"F",0.615,1.3435,10
"M",0.615,1.296,9
"M",0.615,1.34,12
"F",0.62,1.3725,11
"M",0.62,1.307,9
"F",0.625,1.2085,11
"F",0.625,1.3825,11
"M",0.63,1.26,14
"M",0.635,1.3555,9
"F",0.635,1.376,10
"F",0.635,1.2945,9
"F",0.64,1.486,8
"M",0.65,1.4715,11
"M",0.655,1.4095,9
"M",0.655,2.0805,17
"M",0.66,1.3905,15
"M",0.66,1.558,10
"F",0.67,1.309,10
"F",0.675,1.8095,12
"F",0.675,1.4785,9
"F",0.68,1.7775,11
"F",0.685,1.6675,11
"F",0.695,1.834,11
"M",0.73,2.8255,17
"I",0.205,0.046,6
"I",0.24,0.0705,5
"I",0.24,0.0665,3
"I",0.255,0.083,6
"I",0.255,0.083,4
"I",0.265,0.092,6
"I",0.28,0.117,4
"I",0.295,0.1625,5
"I",0.3,0.131,4
"I",0.3,0.1385,6
"I",0.305,0.141,5
"I",0.315,0.1485,6
"I",0.315,0.144,8
"I",0.32,0.1575,5
"I",0.325,0.187,6
"I",0.33,0.196,6
"I",0.335,0.1825,7
"I",0.335,0.186,7
"I",0.34,0.1785,5
"I",0.34,0.2225,7
"I",0.345,0.2455,7
"I",0.37,0.249,6
"I",0.37,0.2865,7
"I",0.375,0.215,6
"I",0.385,0.251,6
"I",0.41,0.339,7
"I",0.41,0.3535,7
"I",0.41,0.3335,6
"I",0.415,0.3595,6
"I",0.42,0.376,5
"I",0.42,0.3435,6
"I",0.425,0.382,6
"I",0.425,0.377,6
"I",0.43,0.3645,7
"I",0.43,0.425,7
"I",0.435,0.3995,8
"I",0.435,0.3925,6
"I",0.44,0.4495,6
"I",0.44,0.35,7
"F",0.445,0.4355,6
"I",0.445,0.4195,7
"I",0.45,0.478,7
"I",0.45,0.4445,8
"I",0.45,0.47,7
"I",0.45,0.447,7
"I",0.455,0.5325,7
"I",0.455,0.497,6
"I",0.46,0.4635,7
"I",0.46,0.449,7
"I",0.465,0.467,7
"I",0.465,0.534,7
"I",0.465,0.4415,7
"F",0.465,0.482,6
"M",0.47,0.612,8
"F",0.47,0.582,8
"M",0.475,0.537,9
"F",0.475,0.5915,6
"M",0.48,0.6765,6
"M",0.48,0.64,6
"M",0.48,0.439,8
"M",0.48,0.6015,7
"F",0.485,0.4785,7
"M",0.49,0.649,8
"M",0.495,0.6335,8
"M",0.495,0.61,7
"M",0.5,0.6595,6
"I",0.5,0.56,8
"M",0.5,0.6425,7
"M",0.5,0.6725,7
"F",0.505,0.674,9
"I",0.505,0.685,8
"M",0.505,0.642,9
"I",0.505,0.601,8
"M",0.51,0.769,8
"I",0.51,0.5785,7
"I",0.51,0.769,7
"M",0.51,0.7035,8
"M",0.51,0.796,8
"F",0.515,0.834,8
"M",0.515,0.7125,7
"F",0.525,0.724,8
"M",0.525,0.7325,11
"F",0.53,0.7585,8
"F",0.53,0.8495,8
"M",0.53,0.6515,7
"F",0.535,0.8215,8
"M",0.535,0.7165,8
"M",0.535,0.874,8
"F",0.55,0.9905,9
"F",0.55,0.8105,9
"F",0.56,0.967,9
"F",0.565,0.6975,8
"M",0.57,1.195,10
"M",0.57,1.1935,10
"F",0.57,1.107,8
"M",0.57,1.0635,8
"M",0.57,0.9035,7
"M",0.575,1.114,9
"F",0.575,1.103,9
"F",0.58,1.1155,7
"F",0.58,1.0515,8
"M",0.58,1.012,10
"F",0.58,1.137,8
"M",0.58,1.1335,9
"M",0.59,1.136,11
"M",0.59,1.206,8
"F",0.59,1.063,8
"F",0.595,1.121,11
"F",0.595,1.114,11
"M",0.595,1.213,9
"F",0.595,1.0045,9
"M",0.595,1.044,9
"F",0.605,1.1345,9
"M",0.605,1.161,9
"M",0.605,1.2315,11
"M",0.61,1.1625,11
"M",0.61,1.168,10
"F",0.615,1.2525,8
"F",0.62,1.3315,11
"F",0.625,1.3525,10
"M",0.625,1.3325,10
"F",0.625,1.1435,10
"F",0.625,1.288,9
"F",0.625,1.38,9
"M",0.63,1.278,8
"F",0.63,1.3075,11
"M",0.63,1.1785,8
"M",0.635,1.375,11
"M",0.635,1.4065,10
"M",0.64,1.4025,10
"F",0.64,1.5175,11
"F",0.64,1.394,10
"F",0.645,1.2205,10
"M",0.645,1.636,11
"M",0.645,1.561,8
"F",0.645,1.4325,8
"M",0.645,1.3385,11
"F",0.645,1.2465,10
"F",0.645,1.212,10
"M",0.65,1.304,9
"M",0.65,1.6785,11
"M",0.65,1.622,10
"F",0.655,1.494,9
"F",0.655,1.6525,10
"F",0.66,1.528,11
"M",0.66,1.5905,9
"M",0.66,1.6275,10
"F",0.66,1.3695,6
"M",0.67,1.6085,11
"F",0.675,1.587,10
"F",0.675,1.8375,12
"M",0.68,1.607,12
"M",0.69,1.7005,8
"M",0.69,1.872,10
"F",0.695,1.8385,10
"F",0.705,1.685,12
"M",0.71,2.198,11
"M",0.715,1.9525,10
"F",0.715,1.56,11
"F",0.735,2.555,11
"M",0.765,2.302,12
"I",0.185,0.029,4
"I",0.195,0.0375,3
"I",0.195,0.0325,4
"I",0.2,0.0435,4
"I",0.225,0.059,4
"I",0.245,0.071,4
"I",0.25,0.0685,5
"I",0.265,0.084,7
"I",0.275,0.106,6
"I",0.28,0.1075,5
"I",0.285,0.096,5
"I",0.3,0.1255,6
"I",0.315,0.151,6
"I",0.32,0.1415,6
"I",0.34,0.2015,5
"I",0.37,0.221,6
"I",0.375,0.2345,6
"I",0.375,0.2325,6
"I",0.385,0.2485,7
"I",0.4,0.348,6
"I",0.405,0.32,7
"I",0.41,0.282,7
"I",0.41,0.3245,6
"I",0.42,0.316,7
"I",0.42,0.3625,7
"I",0.42,0.279,6
"I",0.425,0.3685,7
"M",0.43,0.397,7
"I",0.435,0.413,6
"I",0.435,0.418,7
"I",0.44,0.3705,7
"I",0.445,0.409,7
"I",0.445,0.434,7
"I",0.445,0.411,8
"I",0.45,0.462,8
"I",0.45,0.4925,6
"I",0.45,0.3715,7
"I",0.45,0.411,6
"I",0.45,0.3685,6
"I",0.46,0.4155,7
"M",0.47,0.544,7
"I",0.47,0.4845,6
"I",0.475,0.4565,6
"I",0.475,0.4545,7
"I",0.48,0.6245,8
"M",0.49,0.5225,7
"I",0.5,0.5495,7
"I",0.5,0.542,9
"I",0.5,0.519,8
"M",0.5,0.5215,6
"F",0.505,0.5445,7
"I",0.51,0.6795,8
"F",0.51,0.545,6
"I",0.51,0.5575,9
"I",0.51,0.5155,8
"I",0.515,0.6115,8
"M",0.52,0.7765,9
"I",0.52,0.5395,8
"I",0.52,0.5545,8
"F",0.52,1.019,7
"I",0.525,0.6455,8
"I",0.525,0.601,9
"M",0.525,0.7555,9
"I",0.525,0.608,8
"I",0.53,0.617,8
"I",0.535,0.599,9
"I",0.54,0.6665,10
"M",0.545,0.7835,7
"M",0.545,0.793,9
"M",0.545,0.82,9
"F",0.55,0.8145,8
"F",0.55,0.84,8
"M",0.55,0.8315,10
"M",0.56,0.8995,9
"M",0.56,0.8965,8
"F",0.56,0.6405,8
"M",0.56,0.852,8
"M",0.565,0.9595,9
"M",0.565,0.99,8
"F",0.565,1.0095,9
"M",0.57,1.0375,9
"F",0.57,0.8775,8
"I",0.57,0.755,8
"F",0.575,0.9945,7
"F",0.575,1.068,10
"M",0.575,0.8455,9
"F",0.575,0.869,9
"M",0.575,0.907,9
"I",0.575,0.805,10
"M",0.575,1.0225,9
"M",0.575,0.847,9
"M",0.58,1.114,8
"M",0.58,1.859,9
"M",0.58,0.814,9
"M",0.58,0.9615,9
"M",0.58,1.0025,8
"F",0.58,0.93,9
"M",0.585,0.9335,9
"M",0.585,0.9555,7
"M",0.59,0.9955,8
"F",0.6,1.0265,9
"M",0.6,1.1915,8
"F",0.6,1.1025,8
"M",0.6,1.0165,10
"F",0.605,1.1775,9
"M",0.605,1.1175,9
"M",0.605,1.1835,10
"F",0.605,1.056,9
"M",0.61,1.0145,8
"M",0.61,1.3305,9
"M",0.61,1.052,9
"M",0.615,1.0565,10
"F",0.615,0.923,9
"F",0.615,1.027,9
"M",0.62,1.0195,8
"M",0.62,0.858,8
"F",0.62,1.1125,8
"F",0.625,1.3745,9
"M",0.625,1.2065,8
"M",0.63,1.1325,8
"M",0.63,1.2645,10
"F",0.635,1.1565,9
"M",0.64,1.369,10
"M",0.645,1.39,10
"F",0.645,1.1345,10
"F",0.65,1.464,9
"M",0.65,1.202,11
"M",0.655,1.31,11
"F",0.655,1.415,10
"F",0.66,1.346,11
"M",0.665,1.363,8
"I",0.665,1.2975,9
"F",0.67,1.3645,9
"F",0.685,1.7025,14
"M",0.685,1.519,10
"F",0.69,1.454,9
"M",0.69,1.583,12
"F",0.69,1.5535,9
"M",0.695,1.74,10
"M",0.7,1.751,9
"M",0.7,2.273,12
"F",0.7,1.6465,9
"F",0.705,1.219,9
"F",0.71,1.652,11
"M",0.715,2.0045,12
"M",0.715,1.6755,10
"F",0.72,2.103,10
"F",0.72,1.9965,10
"M",0.72,1.187,8
"M",0.725,1.978,12
"F",0.73,1.8795,12
"M",0.735,2.124,11
"M",0.745,1.931,11
"F",0.75,2.236,11
"F",0.755,2.505,11
"M",0.755,2.0065,10
"F",0.78,2.657,11
"I",0.185,0.4645,6
"I",0.245,0.0765,4
"I",0.25,0.0685,5
"I",0.25,0.0835,5
"I",0.275,0.1125,6
"I",0.305,0.1075,5
"I",0.31,0.1055,5
"I",0.315,0.1375,5
"I",0.315,0.1145,5
"I",0.325,0.139,6
"I",0.33,0.2085,7
"I",0.33,0.1595,5
"I",0.335,0.2015,7
"I",0.34,0.179,6
"I",0.345,0.1945,6
"I",0.345,0.2005,5
"I",0.35,0.215,6
"I",0.35,0.1785,8
"I",0.36,0.196,4
"I",0.365,0.1875,6
"I",0.365,0.196,7
"I",0.365,0.213,7
"I",0.37,0.2445,7
"I",0.37,0.217,6
"I",0.375,0.213,5
"I",0.375,0.2385,7
"I",0.375,0.218,6
"I",0.375,0.2465,6
"I",0.375,0.2025,8
"I",0.375,0.218,7
"I",0.38,0.256,6
"I",0.38,0.2105,8
"I",0.385,0.2615,9
"I",0.385,0.2175,8
"I",0.385,0.302,7
"I",0.385,0.228,5
"I",0.39,0.3265,7
"I",0.395,0.284,8
"I",0.395,0.2725,8
"I",0.395,0.2985,5
"I",0.4,0.2675,5
"I",0.405,0.2645,6
"I",0.41,0.33,7
"I",0.42,0.328,6
"I",0.425,0.3335,7
"I",0.425,0.3055,7
"I",0.425,0.301,7
"I",0.43,0.428,8
"I",0.43,0.378,8
"I",0.435,0.3685,7
"I",0.44,0.438,9
"I",0.45,0.448,9
"I",0.455,0.4005,8
"F",0.455,0.4305,8
"I",0.455,0.372,8
"I",0.46,0.466,7
"I",0.46,0.3705,9
"F",0.46,0.4785,8
"I",0.465,0.346,11
"I",0.47,0.411,8
"I",0.47,0.48,8
"I",0.47,0.393,8
"I",0.475,0.5035,8
"I",0.475,0.441,8
"I",0.475,0.492,8
"I",0.48,0.5435,9
"I",0.48,0.4725,8
"I",0.48,0.461,8
"I",0.495,0.4965,8
"I",0.495,0.5125,7
"M",0.495,0.553,8
"I",0.5,0.594,9
"M",0.5,0.6765,9
"I",0.5,0.5795,9
"I",0.5,0.6615,9
"I",0.5,0.5695,7
"I",0.5,0.6215,9
"I",0.505,0.6015,8
"I",0.505,0.594,7
"I",0.505,0.551,8
"I",0.515,0.625,7
"I",0.515,0.711,13
"I",0.515,0.6965,9
"I",0.52,0.5825,10
"I",0.52,0.663,9
"I",0.525,0.6965,9
"M",0.525,0.842,9
"I",0.53,0.694,9
"I",0.53,0.81,10
"I",0.53,0.5745,9
"I",0.53,0.7675,9
"I",0.535,0.6025,9
"I",0.535,0.5765,8
"F",0.535,0.7145,9
"M",0.535,0.717,9
"F",0.54,0.8655,10
"I",0.54,0.7265,9
"I",0.545,0.7715,8
"F",0.545,0.8,9
"I",0.545,0.7285,10
"I",0.545,0.5945,8
"I",0.55,0.7895,11
"F",0.55,0.651,9
"M",0.55,0.8745,9
"I",0.55,0.7535,10
"I",0.55,0.7305,9
"M",0.555,0.8705,9
"I",0.555,0.7395,10
"I",0.555,0.7665,9
"I",0.555,0.7905,9
"I",0.56,0.8205,9
"I",0.56,0.688,9
"F",0.56,1.224,10
"I",0.56,0.974,9
"I",0.565,0.8735,11
"F",0.565,0.8495,8
"M",0.565,0.796,8
"M",0.565,0.744,11
"I",0.57,0.751,10
"I",0.57,0.794,8
"F",0.57,0.9795,9
"M",0.57,0.873,10
"I",0.57,0.7665,10
"M",0.57,0.8965,9
"F",0.575,0.857,10
"F",0.575,1.078,9
"M",0.575,0.892,10
"M",0.58,1.4395,10
"M",0.58,0.7955,10
"F",0.58,0.858,8
"M",0.585,0.9145,9
"M",0.585,1.171,10
"I",0.585,1.0505,10
"M",0.585,1.1135,10
"M",0.585,1.409,10
"M",0.585,1.065,10
"M",0.585,0.7995,8
"I",0.59,0.7715,9
"M",0.59,1.187,9
"M",0.59,0.8855,10
"F",0.595,0.98,10
"F",0.595,1.026,12
"M",0.6,1.1315,10
"M",0.6,1.014,11
"I",0.6,1.12,10
"F",0.6,1.04,11
"F",0.6,0.8895,10
"M",0.6,0.9595,11
"I",0.605,1.238,11
"M",0.605,0.9755,10
"I",0.605,0.9025,11
"F",0.605,1.076,9
"F",0.605,1.0835,12
"M",0.61,0.871,10
"M",0.61,1.244,12
"M",0.61,1.0265,10
"I",0.61,0.9605,9
"M",0.61,1.137,10
"M",0.61,1,10
"F",0.615,1.004,10
"M",0.615,1.128,10
"M",0.615,1.054,10
"F",0.615,1.023,12
"M",0.615,1.129,10
"M",0.615,1.118,9
"F",0.615,1.115,10
"M",0.62,1.2815,10
"M",0.62,1.2555,12
"F",0.62,1.293,10
"F",0.62,1.1295,10
"M",0.625,1.082,9
"F",0.625,1.15,11
"F",0.625,1.264,9
"F",0.625,1.2035,12
"F",0.63,1.3205,9
"I",0.63,1.272,11
"M",0.63,1.062,12
"I",0.63,1.0605,10
"M",0.63,1.093,12
"M",0.635,1.101,10
"F",0.635,1.4595,9
"F",0.635,1.211,9
"M",0.635,1.1935,10
"M",0.635,0.986,10
"M",0.64,1.521,15
"M",0.64,1.3135,10
"M",0.645,1.1835,11
"M",0.645,1.401,10
"M",0.645,1.5075,11
"F",0.65,1.16,11
"F",0.65,1.662,11
"M",0.65,1.5365,11
"M",0.65,1.542,9
"F",0.65,1.567,10
"F",0.655,1.3595,10
"M",0.655,1.6445,13
"F",0.655,1.4545,10
"M",0.655,1.3585,10
"F",0.66,1.548,10
"F",0.66,1.337,10
"F",0.665,1.491,10
"F",0.67,1.5615,11
"F",0.67,1.0145,10
"M",0.675,1.7375,13
"M",0.685,1.7925,9
"F",0.695,1.7635,11
"F",0.7,1.556,12
"M",0.705,2.21,10
"M",0.705,2.141,11
"F",0.705,1.5345,12
"F",0.71,1.614,11
"F",0.72,1.9335,13
"M",0.72,2.173,12
"F",0.725,1.737,11
"F",0.73,1.7375,11
"F",0.735,2.1275,12
"F",0.745,2.25,9
"F",0.75,2.5085,14
"F",0.815,2.255,14
"I",0.14,0.014,3
"I",0.23,0.0515,4
"I",0.365,0.2215,7
"I",0.365,0.1985,5
"I",0.37,0.232,6
"I",0.375,0.3155,7
"I",0.385,0.247,5
"I",0.395,0.3025,5
"I",0.4,0.329,6
"I",0.4,0.2815,7
"I",0.405,0.3425,8
"I",0.405,0.2825,7
"I",0.405,0.304,6
"I",0.41,0.2905,5
"M",0.415,0.3895,9
"I",0.425,0.389,6
"I",0.43,0.4405,6
"I",0.44,0.369,5
"M",0.44,0.4565,8
"I",0.44,0.4465,9
"M",0.45,0.4475,6
"I",0.455,0.501,7
"I",0.46,0.436,8
"I",0.47,0.4615,9
"I",0.47,0.4315,6
"I",0.47,0.3685,6
"M",0.475,0.649,8
"I",0.475,0.459,7
"F",0.475,0.566,7
"I",0.48,0.542,7
"I",0.485,0.4725,6
"M",0.485,0.6435,8
"M",0.485,0.526,6
"F",0.495,0.573,7
"M",0.505,0.5525,9
"F",0.505,0.6855,9
"I",0.515,0.556,8
"M",0.515,0.9365,8
"I",0.515,0.5625,7
"M",0.52,0.559,8
"M",0.525,0.7205,8
"I",0.53,0.7045,9
"M",0.53,0.7575,8
"F",0.545,0.7405,9
"F",0.55,0.84,8
"M",0.55,0.793,9
"F",0.56,0.8745,8
"F",0.56,0.8715,9
"M",0.57,0.9875,8
"M",0.575,1.08,9
"M",0.575,0.9155,8
"F",0.58,1.165,9
"F",0.58,0.953,9
"M",0.585,0.906,8
"M",0.59,0.8725,8
"F",0.59,1.151,9
"F",0.59,0.9905,8
"F",0.595,1.04,9
"M",0.6,0.945,8
"M",0.6,1.259,9
"F",0.605,0.9515,11
"F",0.605,1.201,9
"F",0.605,1.289,9
"F",0.61,1.1005,11
"I",0.615,0.8425,8
"M",0.62,1.049,10
"F",0.62,1.012,8
"M",0.62,1.0725,9
"M",0.625,1.4105,10
"M",0.625,1.136,11
"M",0.63,1.1005,9
"F",0.63,1.1105,10
"M",0.63,1.1315,9
"M",0.63,1.271,11
"F",0.63,1.336,10
"F",0.635,1.1345,10
"M",0.635,1.308,8
"F",0.64,1.5335,9
"F",0.645,1.546,10
"M",0.645,1.539,11
"F",0.645,1.318,11
"F",0.65,1.5245,10
"M",0.65,1.466,10
"F",0.65,1.3825,9
"M",0.65,1.175,8
"F",0.655,1.5555,11
"M",0.655,1.7835,11
"M",0.66,1.374,10
"F",0.665,1.389,10
"M",0.67,1.7025,11
"M",0.67,1.5265,10
"M",0.67,1.519,10
"F",0.68,1.741,12
"M",0.68,1.6115,11
"M",0.69,1.7825,12
"F",0.7,1.684,11
"M",0.7,1.858,11
"M",0.705,1.675,10
"M",0.72,2.1055,12
"M",0.725,2.21,13
"M",0.74,1.8725,10
"M",0.75,1.893,11
"I",0.21,0.0475,5
"I",0.285,0.101,5
"I",0.295,0.121,6
"I",0.3,0.117,6
"I",0.305,0.1465,6
"I",0.335,0.168,5
"I",0.35,0.18,5
"I",0.355,0.1775,6
"I",0.355,0.1985,7
"I",0.36,0.2,8
"I",0.36,0.2205,7
"I",0.36,0.1845,7
"I",0.365,0.2225,7
"I",0.37,0.2175,6
"I",0.375,0.2165,7
"I",0.38,0.243,7
"I",0.38,0.237,6
"I",0.385,0.2365,8
"I",0.385,0.257,7
"I",0.385,0.308,8
"I",0.39,0.252,7
"I",0.39,0.281,7
"I",0.39,0.2225,7
"I",0.41,0.304,8
"I",0.41,0.28,8
"I",0.415,0.313,7
"I",0.425,0.317,8
"I",0.425,0.303,7
"I",0.435,0.3295,7
"I",0.435,0.367,6
"I",0.45,0.3245,8
"I",0.45,0.4195,7
"I",0.455,0.457,10
"I",0.46,0.4,7
"I",0.46,0.4255,7
"I",0.465,0.4365,9
"I",0.465,0.393,8
"I",0.47,0.499,8
"I",0.475,0.6325,8
"M",0.475,0.4285,7
"I",0.475,0.4905,8
"I",0.48,0.474,9
"I",0.48,0.536,8
"M",0.48,0.464,8
"I",0.485,0.6025,7
"I",0.49,0.4615,8
"I",0.49,0.624,8
"I",0.495,0.4715,8
"I",0.495,0.602,8
"I",0.5,0.616,8
"I",0.5,0.5955,8
"I",0.5,0.559,9
"I",0.51,0.6025,7
"F",0.515,0.6065,6
"I",0.515,0.4725,9
"I",0.515,0.4745,10
"I",0.515,0.6635,8
"I",0.515,0.5705,8
"I",0.52,0.646,9
"I",0.52,0.5545,7
"M",0.525,0.845,8
"I",0.525,0.664,9
"I",0.525,0.615,8
"I",0.525,0.654,7
"M",0.525,0.707,9
"I",0.53,0.5965,7
"I",0.53,0.6255,10
"I",0.53,0.555,9
"I",0.53,0.8365,11
"I",0.535,0.657,7
"I",0.54,0.836,9
"I",0.54,0.742,9
"I",0.54,0.8195,9
"M",0.54,0.972,10
"I",0.54,0.6275,9
"I",0.54,0.7205,10
"I",0.54,0.686,8
"I",0.545,0.686,9
"I",0.545,0.543,8
"I",0.545,0.717,8
"M",0.55,0.7625,10
"I",0.55,0.639,9
"I",0.55,0.816,12
"I",0.55,0.7815,8
"I",0.55,0.7665,8
"I",0.555,0.5585,9
"I",0.555,0.765,8
"I",0.555,0.9005,11
"I",0.56,0.8225,10
"I",0.56,0.7235,8
"M",0.56,0.849,10
"I",0.565,0.743,9
"F",0.565,0.863,9
"M",0.565,0.802,9
"M",0.565,0.831,10
"F",0.57,0.7805,8
"M",0.57,0.795,9
"I",0.57,0.848,9
"I",0.57,0.833,10
"I",0.57,0.867,9
"I",0.57,0.7405,12
"M",0.575,0.867,8
"I",0.575,0.7965,10
"F",0.575,1.116,10
"I",0.575,0.78,9
"M",0.575,0.985,10
"F",0.575,0.9965,8
"I",0.575,0.8015,9
"I",0.575,0.807,10
"F",0.575,1.0305,8
"M",0.575,0.839,9
"M",0.575,0.9615,13
"F",0.58,0.834,8
"M",0.58,1.0335,10
"M",0.58,0.798,10
"I",0.58,0.7095,9
"F",0.585,0.913,10
"M",0.59,1.207,10
"I",0.59,1.022,10
"I",0.59,0.9015,11
"F",0.595,0.9,8
"M",0.595,0.838,10
"M",0.595,0.959,10
"I",0.595,0.8335,8
"F",0.6,0.9735,8
"F",0.6,1.13,9
"M",0.6,0.9165,9
"I",0.6,0.9175,8
"F",0.6,1.0645,10
"M",0.6,1.059,9
"M",0.6,1.194,10
"F",0.605,0.9775,9
"M",0.605,0.884,8
"I",0.605,0.8025,9
"F",0.605,0.991,8
"F",0.605,0.974,9
"F",0.605,1.434,11
"M",0.61,0.983,10
"F",0.61,1.0725,10
"F",0.61,1.2405,12
"M",0.61,1.022,9
"F",0.61,1.1155,10
"I",0.61,0.9225,9
"M",0.61,1.1185,9
"F",0.61,1.2795,7
"M",0.615,1.0175,10
"M",0.615,1.224,9
"I",0.62,1.154,12
"F",0.62,1.3255,12
"M",0.62,1.221,13
"F",0.62,1.139,11
"I",0.62,1.066,11
"F",0.62,1.2215,12
"I",0.62,0.8565,9
"I",0.62,0.924,10
"M",0.62,1.266,12
"F",0.62,1.0405,9
"M",0.625,1.1165,11
"M",0.625,1.0845,10
"M",0.625,1.0985,9
"I",0.625,1.1955,12
"F",0.625,1.362,10
"I",0.625,1.044,9
"M",0.63,1.0915,9
"F",0.63,1.1965,8
"M",0.63,1.1745,11
"M",0.63,1.233,10
"M",0.63,1.2695,11
"I",0.635,1.489,13
"M",0.635,1.4345,12
"F",0.635,1.2435,10
"F",0.635,1.2615,9
"F",0.64,1.2235,10
"M",0.64,1.247,10
"M",0.64,1.707,11
"M",0.645,1.1605,10
"M",0.645,1.286,12
"M",0.645,1.5595,14
"M",0.645,1.4745,9
"M",0.645,1.226,10
"M",0.645,1.33,9
"F",0.645,1.2415,9
"M",0.645,1.3375,10
"F",0.645,1.363,10
"M",0.645,1.2215,9
"F",0.645,1.371,12
"F",0.65,1.337,9
"M",0.65,1.274,11
"M",0.65,1.488,11
"M",0.65,1.3835,9
"M",0.655,1.274,10
"F",0.655,1.043,9
"F",0.655,1.3485,12
"F",0.655,1.4405,11
"M",0.66,1.3195,9
"F",0.66,1.5175,12
"M",0.66,1.5505,10
"M",0.66,1.6375,14
"M",0.665,1.443,11
"M",0.665,1.289,11
"F",0.665,1.2915,11
"M",0.665,1.3725,12
"M",0.665,1.2975,9
"M",0.67,1.2585,12
"M",0.67,1.39,11
"F",0.67,1.32,13
"F",0.67,1.566,10
"F",0.67,1.619,11
"M",0.675,1.2835,13
"F",0.675,1.382,10
"M",0.68,1.4535,10
"F",0.68,1.6075,11
"M",0.685,1.3735,11
"F",0.685,1.638,11
"F",0.69,1.569,12
"M",0.7,1.8565,10
"F",0.7,1.773,15
"F",0.705,1.58,11
"M",0.71,2.009,11
"F",0.71,1.9805,12
"F",0.71,1.5805,10
"M",0.71,2.015,11
"M",0.72,1.8275,10
"M",0.72,2.125,13
"F",0.72,1.445,7
"F",0.725,2.1425,14
"F",0.73,1.9425,11
"M",0.735,1.747,11
"F",0.74,2.119,12
"F",0.75,1.938,11
"M",0.75,2.2205,12
"M",0.77,2.5155,12
"M",0.775,2.7795,12
"I",0.275,0.2315,5
"I",0.375,0.394,6
"F",0.375,0.597,7
"M",0.39,0.564,7
"I",0.435,0.5965,8
"M",0.445,0.414,7
"I",0.455,0.422,6
"I",0.455,0.82,8
"I",0.455,0.434,8
"I",0.465,0.7615,10
"M",0.465,0.5795,7
"I",0.485,0.5205,8
"M",0.485,0.968,9
"I",0.485,0.869,9
"F",0.49,0.8795,8
"M",0.5,1.0615,9
"M",0.515,0.9225,9
"M",0.515,1.007,8
"M",0.525,0.9605,10
"M",0.525,0.65,7
"M",0.53,0.7545,8
"F",0.535,0.771,8
"I",0.535,1.0835,8
"I",0.545,0.8935,8
"F",0.545,1.358,10
"F",0.545,1.1185,9
"F",0.55,1.205,10
"M",0.55,1.3405,10
"M",0.57,1.02,9
"M",0.575,1.025,10
"I",0.575,0.8145,10
"F",0.58,1.48,10
"M",0.585,0.953,10
"I",0.585,0.8915,8
"M",0.6,1.3005,11
"M",0.6,1.038,9
"M",0.605,1.2525,9
"M",0.605,1.15,10
"F",0.61,1.1135,11
"F",0.615,1.1155,10
"M",0.62,1.0865,10
"M",0.625,1.254,9
"M",0.625,1.169,11
"M",0.635,1.172,11
"F",0.635,1.1845,10
"F",0.64,1.0725,8
"M",0.645,1.3815,9
"M",0.65,1.6125,11
"M",0.65,1.7395,10
"F",0.655,1.5475,9
"M",0.655,1.4245,10
"F",0.665,1.3405,11
"F",0.675,1.4465,10
"F",0.685,1.5845,9
"F",0.695,1.679,10
"M",0.695,1.726,11
"F",0.705,1.5395,13
"F",0.72,2.073,9
"M",0.72,1.5865,11
"M",0.73,2.069,11
"I",0.185,0.027,5
"I",0.24,0.0555,4
"I",0.31,0.1275,7
"I",0.34,0.1885,6
"I",0.35,0.2,7
"I",0.365,0.197,6
"I",0.365,0.223,7
"I",0.365,0.2215,6
"I",0.39,0.2665,8
"I",0.405,0.269,6
"I",0.41,0.2805,7
"I",0.41,0.3305,7
"I",0.415,0.2815,6
"I",0.415,0.2805,6
"I",0.415,0.311,8
"I",0.42,0.368,11
"I",0.43,0.3405,8
"I",0.435,0.3245,7
"I",0.435,0.38,7
"I",0.435,0.335,8
"I",0.435,0.3215,7
"I",0.445,0.358,8
"I",0.465,0.445,7
"I",0.47,0.487,8
"I",0.475,0.4535,9
"I",0.485,0.568,7
"I",0.485,0.5155,8
"I",0.485,0.457,9
"I",0.495,0.5095,8
"I",0.495,0.5,8
"I",0.495,0.494,8
"I",0.5,0.5605,9
"I",0.505,0.599,11
"I",0.505,0.7045,8
"F",0.51,0.7005,10
"I",0.515,0.7125,10
"I",0.515,0.6725,10
"M",0.515,0.5785,8
"I",0.52,0.5185,8
"I",0.52,0.6375,9
"I",0.52,0.5805,9
"I",0.52,0.6645,7
"I",0.52,0.581,10
"I",0.525,0.596,9
"I",0.525,0.6965,8
"I",0.525,0.6095,9
"I",0.53,0.677,8
"I",0.53,0.7245,9
"I",0.53,0.575,9
"I",0.53,0.632,9
"I",0.535,1.0015,9
"F",0.54,0.9455,9
"I",0.54,0.6555,9
"I",0.54,0.6255,8
"I",0.545,0.8145,10
"I",0.545,0.687,9
"I",0.55,0.7995,10
"I",0.55,0.804,6
"M",0.555,0.7495,8
"M",0.555,0.599,8
"M",0.555,0.7075,7
"I",0.555,0.738,9
"M",0.555,0.837,9
"I",0.56,0.832,9
"F",0.565,0.8305,11
"M",0.565,0.667,7
"M",0.565,0.9355,11
"I",0.565,0.8445,9
"M",0.565,0.895,9
"I",0.565,0.8715,10
"M",0.57,1.0005,11
"M",0.57,0.832,11
"M",0.57,0.9415,9
"M",0.57,0.88,13
"F",0.57,0.803,9
"M",0.575,0.785,9
"M",0.575,0.9765,9
"M",0.575,0.992,10
"M",0.575,1.013,11
"M",0.575,0.876,10
"F",0.575,1.099,9
"I",0.575,0.8715,10
"I",0.575,0.8245,11
"F",0.575,0.7955,9
"M",0.575,0.857,9
"F",0.58,0.8265,9
"F",0.58,0.925,10
"M",0.58,1.0465,10
"I",0.58,0.7905,10
"M",0.58,0.8295,9
"M",0.595,0.886,10
"F",0.6,0.97,11
"M",0.6,1.1805,11
"M",0.6,0.99,10
"F",0.6,1.133,11
"I",0.605,1.071,10
"F",0.605,0.862,9
"M",0.605,1.1155,10
"M",0.61,1.031,8
"F",0.61,1.1185,10
"F",0.61,0.957,8
"F",0.61,1.1785,11
"M",0.615,1.0285,11
"M",0.615,1.0875,9
"F",0.615,1.255,12
"M",0.615,1.219,10
"M",0.62,1.035,11
"M",0.62,1.195,9
"F",0.62,1.062,11
"M",0.62,1.5145,15
"M",0.62,1.309,9
"M",0.62,1.0295,12
"M",0.625,1.0485,11
"M",0.625,1.331,9
"M",0.625,1.1565,10
"F",0.625,1.09,11
"F",0.625,1.354,11
"F",0.625,0.984,11
"M",0.63,1.2525,9
"F",0.635,1.2695,11
"F",0.635,1.3405,11
"F",0.635,1.2895,11
"M",0.635,1.195,12
"M",0.635,1.273,12
"M",0.635,1.229,10
"M",0.64,1.1895,11
"F",0.64,1.1145,10
"F",0.64,1.3115,10
"I",0.64,1.1,10
"M",0.64,1.1285,9
"F",0.64,1.4195,11
"F",0.645,1.6195,12
"M",0.645,1.32,11
"F",0.645,1.5535,16
"I",0.65,1.238,10
"F",0.65,1.189,13
"F",0.65,1.375,10
"F",0.655,1.412,11
"F",0.655,1.348,10
"M",0.655,1.1445,9
"F",0.66,1.4415,10
"M",0.66,1.218,11
"F",0.665,1.2475,10
"M",0.665,1.2695,12
"M",0.665,1.429,12
"F",0.67,1.4015,12
"M",0.675,1.312,11
"F",0.675,1.473,11
"M",0.68,1.623,12
"M",0.68,1.534,10
"M",0.685,1.3845,10
"M",0.69,1.6915,11
"M",0.695,1.5715,13
"F",0.7,1.773,13
"M",0.7,1.4405,12
"M",0.7,1.6245,13
"F",0.705,1.866,10
"F",0.72,1.6705,12
"M",0.72,2.081,11
"F",0.725,1.6195,11
"F",0.75,1.8325,11
"M",0.76,2.173,13
"I",0.135,0.029,4
"I",0.16,0.0195,4
"I",0.21,0.0465,5
"I",0.28,0.1195,6
"I",0.28,0.0895,7
"I",0.285,0.0935,6
"I",0.29,0.1115,5
"I",0.29,0.1195,6
"I",0.29,0.097,6
"I",0.32,0.133,6
"I",0.325,0.1745,7
"I",0.335,0.1695,6
"I",0.35,0.17,7
"I",0.35,0.1605,6
"I",0.355,0.271,9
"I",0.36,0.2185,6
"I",0.36,0.196,7
"I",0.375,0.226,6
"I",0.375,0.22,7
"I",0.395,0.3,7
"I",0.405,0.2875,7
"I",0.415,0.316,8
"I",0.425,0.3675,7
"I",0.43,0.3675,8
"I",0.435,0.346,7
"M",0.45,0.4955,8
"I",0.46,0.4675,7
"M",0.47,0.522,10
"I",0.47,0.441,10
"I",0.475,0.5185,8
"M",0.505,0.653,9
"M",0.505,0.5915,12
"M",0.505,0.4825,10
"I",0.51,0.6855,9
"M",0.515,0.6335,9
"M",0.525,0.6875,9
"F",0.53,0.741,9
"F",0.53,0.6355,9
"M",0.545,0.8395,11
"F",0.55,0.9205,10
"F",0.56,0.8215,9
"M",0.565,0.9255,9
"F",0.57,0.8295,10
"M",0.58,1.063,9
"M",0.59,1.115,10
"F",0.6,0.837,10
"M",0.605,0.982,12
"M",0.61,1.112,10
"F",0.625,1.3485,14
"M",0.66,1.5655,9
"I",0.255,0.086,5
"I",0.27,0.1065,5
"I",0.28,0.132,5
"I",0.285,0.1075,6
"I",0.32,0.1745,8
"I",0.325,0.152,8
"I",0.385,0.2755,8
"I",0.395,0.293,7
"F",0.4,0.368,7
"I",0.405,0.312,8
"I",0.415,0.336,7
"I",0.42,0.355,6
"I",0.44,0.379,9
"I",0.445,0.378,8
"M",0.45,0.4655,8
"F",0.455,0.594,8
"M",0.46,0.4935,8
"M",0.46,0.4595,7
"M",0.465,0.4955,7
"I",0.465,0.4325,9
"F",0.475,0.689,7
"I",0.48,0.5465,8
"M",0.485,0.617,8
"I",0.49,0.538,8
"M",0.5,0.7815,9
"F",0.5,0.6355,8
"M",0.505,0.6435,7
"M",0.525,0.5115,8
"M",0.535,0.738,8
"F",0.535,0.699,8
"F",0.54,0.7655,10
"F",0.54,0.7505,9
"F",0.545,0.844,9
"M",0.55,0.8705,9
"I",0.55,0.668,11
"F",0.565,0.83,9
"M",0.58,0.8685,8
"F",0.58,0.839,7
"F",0.585,1.079,11
"M",0.595,0.919,9
"F",0.6,1.1345,10
"F",0.61,0.909,8
"M",0.61,1.2435,8
"F",0.62,1.056,9
"M",0.645,1.2095,9
"M",0.65,1.238,8
"F",0.665,1.644,10
"M",0.685,1.7725,11
"F",0.69,1.2525,12
"F",0.705,1.761,10
"F",0.71,1.3165,10
"M",0.72,1.914,11
"F",0.72,2.1,12
"F",0.73,1.6895,10
"M",0.775,2.032,17
"F",0.505,0.66,8
"M",0.53,0.7455,10
"F",0.505,0.616,11
"I",0.405,0.2825,7
"M",0.415,0.3355,7
"M",0.5,0.651,11
"M",0.425,0.361,7
"M",0.47,0.4775,8
"F",0.4,0.3465,10
"I",0.37,0.25,10
"M",0.5,0.66,19
"I",0.41,0.315,9
"M",0.375,0.276,9
"F",0.49,0.5395,11
"M",0.585,1.04,10
"M",0.595,1.041,14
"F",0.675,1.6885,15
"M",0.665,2.1835,27
"M",0.62,1.2105,13
"I",0.325,0.166,5
"I",0.455,0.452,9
"M",0.525,0.7185,8
"I",0.385,0.232,7
"I",0.13,0.0105,4
"I",0.18,0.0275,3
"I",0.31,0.1445,6
"F",0.375,0.282,7
"F",0.48,0.608,8
"I",0.455,0.433,9
"M",0.425,0.3295,7
"I",0.475,0.4555,9
"F",0.435,0.4585,11
"F",0.29,0.275,6
"M",0.385,0.335,7
"M",0.47,0.4265,8
"F",0.5,0.5765,10
"I",0.4,0.127,7
"M",0.62,1.1505,12
"M",0.595,0.8915,12
"M",0.585,0.97,9
"M",0.32,0.18,6
"F",0.52,0.6985,10
"M",0.44,0.4585,9
"F",0.44,0.4005,8
"M",0.565,0.7145,12
"F",0.56,0.932,9
"F",0.59,0.966,10
"F",0.57,0.9995,16
"M",0.68,1.496,14
"F",0.45,0.5065,10
"I",0.32,0.1735,7
"I",0.46,0.3945,9
"M",0.47,0.4665,10
"M",0.455,0.401,9
"F",0.415,0.3455,9
"M",0.465,0.5205,11
"M",0.46,0.4935,12
"M",0.415,0.3245,8
"M",0.27,0.106,7
"M",0.445,0.4415,10
"F",0.745,1.966,18
"F",0.4,0.3025,8
"I",0.28,0.1225,5
"M",0.55,0.879,10
"M",0.58,1.2275,16
"M",0.61,1.2715,12
"M",0.62,1.806,17
"M",0.56,0.8085,14
"F",0.64,1.3905,12
"M",0.69,1.8465,19
"F",0.715,2.1995,17
"F",0.71,1.817,11
"F",0.55,0.897,9
"M",0.375,0.3245,5
"F",0.61,1.136,9
"I",0.38,0.2735,6
"F",0.37,0.2405,5
"M",0.335,0.1545,6
"I",0.165,0.0145,4
"M",0.285,0.1185,7
"I",0.19,0.0295,6
"I",0.215,0.0385,5
"M",0.595,0.799,10
"F",0.645,1.1845,13
"M",0.575,0.925,12
"F",0.57,1.098,20
"F",0.58,1.071,14
"F",0.595,0.975,15
"F",0.595,1.283,14
"F",0.625,1.0595,21
"M",0.535,0.9195,16
"M",0.55,0.9295,13
"M",0.495,0.8085,6
"I",0.32,0.1485,6
"M",0.445,0.4475,9
"F",0.52,0.6865,9
"M",0.495,0.6335,14
"M",0.47,0.547,12
"F",0.49,0.585,10
"M",0.58,0.927,11
"M",0.645,1.4935,15
"F",0.575,1.0405,14
"I",0.215,0.0605,6
"I",0.43,0.3675,13
"I",0.26,0.099,5
"I",0.37,0.233,11
"I",0.405,0.3625,10
"I",0.27,0.081,6
"F",0.68,1.596,21
"F",0.65,1.4005,13
"F",0.645,1.406,25
"M",0.57,0.9245,19
"M",0.615,1.36,18
"M",0.42,0.43,7
"I",0.275,0.1365,6
"F",0.29,0.14,5
"M",0.42,0.4215,8
"F",0.625,1.5765,16
"F",0.55,1.2125,27
"M",0.66,1.6305,18
"M",0.565,1.142,17
"F",0.595,1.366,13
"M",0.63,1.539,17
"F",0.43,0.445,8
"F",0.455,0.5725,10
"I",0.33,0.19,7
"F",0.515,0.764,13
"M",0.495,0.853,14
"F",0.485,0.5885,13
"F",0.535,0.7875,8
"M",0.58,1.035,17
"F",0.625,1.352,13
"F",0.555,0.958,14
"F",0.55,0.797,9
"M",0.59,0.857,13
"I",0.355,0.2235,7
"I",0.275,0.086,7
"F",0.505,0.692,12
"M",0.37,0.2225,7
"M",0.555,0.7575,13
"F",0.505,0.729,9
"F",0.56,0.903,9
"M",0.595,1.0965,17
"F",0.57,0.903,14
"M",0.6,1.229,13
"F",0.56,1.106,15
"M",0.585,1.171,17
"I",0.46,0.444,8
"F",0.46,0.4755,8
"M",0.415,0.388,12
"F",0.435,0.3785,11
"F",0.475,0.486,7
"M",0.465,0.5265,10
"I",0.355,0.2275,11
"M",0.46,0.5105,9
"F",0.38,0.3105,10
"F",0.47,0.543,9
"M",0.36,0.2225,6
"F",0.585,0.998,12
"M",0.655,1.5455,11
"M",0.6,1.2675,13
"F",0.57,1.1,14
"F",0.645,1.4285,11
"M",0.65,1.793,14
"M",0.51,0.6185,12
"M",0.52,0.5825,8
"M",0.495,0.7485,13
"M",0.43,0.406,8
"F",0.59,1.1005,13
"M",0.55,0.869,10
"M",0.585,0.955,11
"F",0.58,0.9215,17
"F",0.62,1.456,13
"I",0.59,0.893,14
"F",0.72,2.226,13
"F",0.635,1.2125,14
"F",0.61,1.0675,15
"F",0.545,0.8525,13
"M",0.57,0.8615,12
"F",0.6,1.162,18
"F",0.52,0.8705,14
"M",0.635,1.598,15
"F",0.67,1.406,13
"M",0.695,2.033,15
"M",0.655,1.259,20
"F",0.62,1.0935,14
"F",0.6,1.1805,19
"M",0.51,0.7175,9
"M",0.525,0.7575,10
"M",0.44,0.487,9
"I",0.485,0.5705,8
"F",0.495,0.6905,10
"I",0.435,0.4475,7
"I",0.405,0.347,9
"I",0.42,0.352,9
"F",0.5,0.7145,9
"F",0.385,0.3315,7
"I",0.33,0.18,6
"F",0.58,0.974,10
"I",0.325,0.185,6
"M",0.475,0.563,10
"F",0.38,0.3215,9
"I",0.34,0.179,6
"M",0.525,0.702,12
"F",0.52,0.8045,10
"F",0.535,0.8075,13
"M",0.475,0.578,8
"I",0.415,0.385,7
"I",0.495,0.585,8
"F",0.48,0.6375,10
"F",0.52,0.813,10
"M",0.46,0.5735,9
"F",0.58,0.94,11
"M",0.59,1.008,11
"F",0.55,0.775,23
"F",0.65,1.1445,12
"F",0.465,0.6,16
"M",0.455,0.515,11
"M",0.47,0.5795,13
"F",0.435,0.384,13
"M",0.35,0.2965,7
"I",0.315,0.137,8
"M",0.595,0.991,16
"F",0.58,0.925,14
"M",0.575,0.805,17
"M",0.535,0.8915,13
"M",0.515,0.769,13
"F",0.505,0.6185,12
"F",0.505,0.6515,15
"I",0.4,0.2875,10
"M",0.49,0.5545,14
"M",0.53,0.7365,12
"I",0.395,0.306,8
"F",0.665,1.496,17
"F",0.415,0.3605,10
"M",0.43,0.3045,11
"M",0.475,0.592,13
"F",0.525,0.7995,15
"I",0.48,0.5825,15
"I",0.42,0.3435,9
"M",0.59,0.906,15
"F",0.515,0.6295,9
"M",0.695,1.5515,13
"F",0.8,2.526,23
"M",0.61,1.103,23
"F",0.565,0.957,18
"M",0.56,0.86,11
"M",0.655,1.62,17
"M",0.64,1.407,17
"F",0.59,0.9,11
"I",0.31,0.1455,7
"I",0.255,0.075,6
"I",0.17,0.0235,6
"M",0.67,1.247,21
"F",0.71,1.7265,17
"F",0.56,0.8025,13
"M",0.505,0.764,11
"M",0.525,0.8645,16
"F",0.45,0.4715,9
"F",0.515,0.631,12
"M",0.59,0.9455,19
"M",0.7,1.3185,18
"F",0.72,1.7265,17
"M",0.635,1.081,11
"M",0.555,0.9025,13
"M",0.575,1.1415,13
"M",0.585,1.027,17
"F",0.61,1.3445,20
"F",0.645,1.449,13
"F",0.545,0.7745,11
"M",0.55,0.7895,12
"F",0.66,1.3665,18
"M",0.57,1.0295,18
"F",0.6,1.031,15
"F",0.63,1.065,12
"M",0.695,1.885,19
"M",0.65,1.2425,15
"F",0.72,1.969,16
"I",0.56,0.9445,12
"I",0.42,0.354,8
"M",0.18,0.023,3
"F",0.405,0.3575,12
"F",0.5,0.5965,12
"I",0.435,0.383,12
"M",0.34,0.2065,10
"F",0.43,0.382,8
"I",0.535,0.6315,12
"I",0.415,0.3285,12
"F",0.36,0.2165,10
"M",0.175,0.0305,5
"M",0.155,0.024,5
"I",0.525,0.7365,11
"F",0.525,0.6005,16
"F",0.44,0.4285,11
"F",0.45,0.496,12
"F",0.485,0.6195,14
"I",0.47,0.567,11
"I",0.515,0.6505,10
"M",0.42,0.4495,11
"F",0.455,0.4485,16
"M",0.37,0.241,10
"M",0.33,0.197,10
"I",0.3,0.1425,7
"I",0.625,1.2395,14
"I",0.61,1.0385,14
"I",0.625,0.972,14
"I",0.635,1.3315,17
"I",0.5,0.762,14
"F",0.53,0.775,17
"I",0.445,0.437,13
"F",0.585,0.6985,12
"I",0.44,0.435,16
"M",0.29,0.1295,10
"I",0.555,0.8435,15
"I",0.655,1.25,15
"F",0.58,1.017,10
"I",0.625,1.411,12
"I",0.62,1.208,15
"F",0.64,1.0705,8
"F",0.505,0.5895,10
"I",0.5,0.537,9
"M",0.31,0.15,7
"F",0.505,0.651,12
"I",0.42,0.28,9
"M",0.4,0.287,10
"M",0.425,0.3525,18
"M",0.31,0.12,11
"F",0.465,0.494,18
"F",0.465,0.4765,10
"M",0.35,0.2145,13
"I",0.52,0.595,15
"F",0.475,0.4805,12
"F",0.41,0.321,10
"M",0.26,0.096,6
"I",0.575,0.9315,13
"I",0.565,0.782,14
"M",0.26,0.0945,6
"F",0.53,0.6695,10
"M",0.34,0.213,9
"I",0.52,0.525,11
"F",0.635,1.312,18
"F",0.61,1.087,11
"F",0.66,1.523,16
"I",0.635,1.319,16
"F",0.465,0.579,14
"M",0.515,0.8175,23
"I",0.335,0.17,9
"F",0.515,0.796,16
"F",0.345,0.197,9
"M",0.465,0.5255,13
"M",0.54,0.879,10
"M",0.475,0.4625,9
"F",0.445,0.4565,11
"M",0.5,0.528,9
"M",0.5,0.5835,12
"F",0.55,0.884,14
"I",0.275,0.096,6
"F",0.35,0.1855,7
"F",0.37,0.27,9
"F",0.42,0.463,10
"M",0.35,0.198,10
"M",0.395,0.282,9
"I",0.325,0.0995,8
"I",0.275,0.092,5
"I",0.235,0.0625,6
"I",0.25,0.073,5
"I",0.25,0.071,5
"I",0.2,0.036,4
"F",0.585,1.099,20
"M",0.445,0.5905,14
"F",0.5,0.768,13
"M",0.44,0.413,8
"M",0.515,0.8505,17
"F",0.52,0.6915,11
"M",0.5,0.709,11
"M",0.425,0.3755,9
"M",0.51,0.8185,16
"F",0.37,0.227,8
"M",0.54,0.8245,13
"M",0.615,1.1825,11
"M",0.565,1.122,20
"M",0.645,1.6115,14
"F",0.615,1.2985,14
"M",0.605,1.3,14
"F",0.59,1.161,12
"M",0.645,1.489,18
"M",0.57,1.008,13
"F",0.47,0.441,8
"F",0.5,0.742,14
"F",0.52,0.7,13
"M",0.39,0.271,8
"M",0.52,0.8565,12
"F",0.54,0.8975,14
"M",0.46,0.6105,14
"I",0.355,0.1925,8
"F",0.49,0.6635,13
"F",0.63,1.235,11
"M",0.5,0.7615,14
"M",0.49,0.592,15
"M",0.44,0.39,7
"F",0.515,0.7565,10
"F",0.475,0.57,11
"I",0.42,0.2865,8
"M",0.4,0.2935,9
"M",0.45,0.567,12
"F",0.52,0.6245,15
"M",0.505,0.8415,12
"M",0.495,0.7775,15
"M",0.54,0.989,19
"F",0.48,0.6905,12
"F",0.33,0.2,9
"I",0.285,0.109,5
"I",0.3,0.127,6
"I",0.31,0.2885,6
"I",0.34,0.18,6
"I",0.375,0.144,7
"I",0.415,0.4665,7
"I",0.415,0.33,6
"I",0.415,0.3625,6
"I",0.42,0.34,8
"I",0.425,0.365,6
"M",0.465,0.5,8
"F",0.465,0.6265,8
"I",0.47,0.5555,8
"F",0.47,0.6015,8
"I",0.475,0.53,10
"M",0.48,0.6315,7
"M",0.5,0.7715,8
"I",0.505,0.6125,7
"M",0.525,0.872,9
"M",0.54,0.8115,9
"M",0.545,0.8795,11
"F",0.565,0.983,9
"M",0.58,1.145,11
"M",0.59,1.09,9
"M",0.59,1.262,9
"M",0.595,1.185,10
"F",0.6,1.4405,9
"F",0.6,1.332,8
"F",0.6,1.1405,9
"M",0.605,1.201,10
"F",0.625,1.33,10
"M",0.63,1.362,10
"M",0.64,1.647,12
"F",0.64,1.4995,11
"F",0.655,1.6225,12
"I",0.66,1.786,11
"M",0.66,1.791,15
"F",0.675,1.925,13
"F",0.675,1.689,13
"F",0.69,1.659,9
"F",0.695,2.0475,14
"F",0.7,1.6015,10
"F",0.73,2.0165,10
"I",0.205,0.04,4
"I",0.225,0.0565,4
"I",0.23,0.064,5
"I",0.275,0.0875,4
"I",0.28,0.106,5
"I",0.28,0.1315,5
"I",0.295,0.126,6
"I",0.31,0.155,6
"I",0.315,0.149,7
"I",0.34,0.185,7
"I",0.37,0.2545,6
"I",0.38,0.237,6
"I",0.39,0.279,7
"I",0.405,0.3205,6
"I",0.415,0.3335,7
"I",0.44,0.3885,7
"I",0.44,0.545,6
"I",0.44,0.4165,6
"I",0.44,0.495,7
"I",0.45,0.4775,6
"I",0.45,0.468,8
"F",0.455,0.4555,7
"F",0.46,0.46,6
"I",0.46,0.4155,7
"I",0.46,0.4215,6
"I",0.465,0.474,7
"M",0.465,0.486,9
"I",0.475,0.5735,7
"I",0.475,0.468,8
"M",0.48,0.5135,8
"M",0.5,0.6215,7
"I",0.5,0.494,7
"I",0.505,0.6005,7
"M",0.515,0.646,9
"M",0.525,0.7945,7
"M",0.525,0.812,8
"F",0.53,0.828,6
"M",0.53,0.681,6
"F",0.53,0.889,8
"M",0.54,0.7345,9
"F",0.55,0.964,8
"F",0.555,0.963,7
"F",0.57,0.995,9
"F",0.57,0.8585,8
"M",0.575,0.948,7
"F",0.58,0.888,8
"F",0.585,0.9045,8
"M",0.59,1.046,7
"F",0.595,1.1775,9
"F",0.595,1.0765,9
"F",0.595,1.0255,11
"F",0.6,0.9325,8
"F",0.6,1.235,8
"M",0.6,1.247,9
"M",0.61,1.1495,8
"F",0.615,1.1575,10
"F",0.615,1.327,10
"M",0.615,1.2,8
"F",0.62,1.2705,9
"F",0.62,1.2155,10
"F",0.62,1.3245,9
"M",0.625,1.3555,10
"F",0.625,1.127,9
"F",0.625,1.1075,8
"F",0.63,1.4255,11
"F",0.63,1.147,9
"M",0.63,1.286,8
"F",0.635,1.596,11
"F",0.635,1.297,11
"M",0.645,1.251,9
"M",0.645,1.5105,12
"F",0.65,1.4415,9
"M",0.67,1.6385,9
"F",0.69,1.933,13
"M",0.69,1.71,8
"F",0.695,1.8495,10
"M",0.695,1.742,12
"F",0.7,1.7975,13
"F",0.705,2.381,10
"M",0.765,2.398,12
"M",0.77,2.1945,10
"I",0.22,0.049,4
"I",0.275,0.1055,5
"I",0.29,0.1045,5
"I",0.33,0.163,6
"I",0.355,0.2275,6
"I",0.375,0.219,6
"I",0.415,0.3645,8
"I",0.425,0.3265,6
"I",0.425,0.3515,7
"I",0.43,0.3465,7
"I",0.44,0.407,7
"I",0.44,0.4215,7
"I",0.46,0.3755,7
"I",0.46,0.5335,6
"I",0.465,0.442,7
"I",0.475,0.1315,7
"I",0.475,0.5205,7
"I",0.485,0.5535,8
"I",0.49,0.5445,8
"M",0.49,0.554,8
"I",0.495,0.512,7
"I",0.5,0.583,8
"M",0.5,0.5765,9
"M",0.505,0.723,7
"I",0.51,0.5395,8
"I",0.51,0.625,8
"I",0.515,0.5925,9
"I",0.52,0.633,9
"F",0.545,0.832,9
"M",0.545,0.778,7
"M",0.545,0.7865,7
"F",0.545,0.778,9
"I",0.55,0.636,8
"F",0.55,0.8435,8
"I",0.555,0.648,8
"M",0.565,0.784,9
"F",0.57,0.908,9
"M",0.57,1.02,9
"F",0.57,0.811,9
"F",0.575,0.897,8
"M",0.58,0.852,8
"F",0.585,0.938,7
"F",0.585,0.6955,8
"M",0.59,0.861,8
"M",0.59,1.004,9
"F",0.59,1.0115,8
"F",0.595,1.1005,8
"M",0.595,1.108,9
"M",0.595,0.852,9
"M",0.6,1.9875,10
"F",0.605,1.079,10
"F",0.615,1.055,9
"M",0.615,1.198,7
"F",0.615,1.084,9
"M",0.615,1.103,10
"M",0.62,1.1,9
"M",0.62,1.1015,10
"M",0.625,1.3835,11
"F",0.625,1.115,9
"M",0.625,1.085,10
"M",0.63,1.3165,11
"M",0.63,1.3415,10
"M",0.63,1.027,8
"M",0.645,1.1845,9
"M",0.645,1.192,9
"F",0.645,1.285,9
"M",0.65,1.1805,9
"M",0.65,1.2655,9
"F",0.65,1.2895,10
"M",0.65,1.407,9
"F",0.65,1.122,9
"M",0.66,1.4465,10
"F",0.665,1.349,9
"M",0.67,1.269,11
"M",0.67,1.68,13
"F",0.675,1.551,13
"M",0.68,1.4775,11
"M",0.68,1.529,11
"M",0.7,1.7585,10
"M",0.7,1.523,13
"F",0.725,1.7315,11
"M",0.725,1.51,9
"M",0.735,1.88,11
"F",0.74,2.012,12
"M",0.75,2.201,11
"I",0.19,0.0315,3
"I",0.21,0.04,4
"I",0.25,0.0635,4
"I",0.29,0.0985,5
"I",0.335,0.167,6
"I",0.34,0.2015,6
"I",0.345,0.183,6
"I",0.355,0.187,7
"I",0.36,0.1795,5
"I",0.37,0.2065,7
"I",0.375,0.3,8
"I",0.375,0.2295,7
"I",0.385,0.343,7
"I",0.385,0.244,8
"I",0.395,0.3075,8
"I",0.4,0.3415,7
"I",0.405,0.271,7
"I",0.405,0.91,8
"I",0.405,0.268,7
"I",0.405,0.2885,6
"I",0.41,0.3,8
"I",0.41,0.326,8
"I",0.415,0.358,7
"I",0.42,0.314,8
"I",0.42,0.4025,8
"I",0.43,0.3645,7
"I",0.445,0.4235,9
"M",0.45,0.4305,8
"I",0.45,0.3505,7
"I",0.455,0.486,8
"I",0.46,0.471,8
"I",0.46,0.415,8
"I",0.475,0.5195,7
"M",0.48,0.5895,11
"I",0.485,0.5215,8
"I",0.485,0.4475,8
"I",0.49,0.5585,10
"I",0.505,0.596,9
"I",0.505,0.5385,9
"I",0.51,0.7665,8
"F",0.515,0.516,9
"M",0.515,0.7355,7
"I",0.515,0.531,8
"I",0.525,0.607,8
"F",0.525,0.7055,10
"I",0.525,0.6445,8
"I",0.525,0.6315,9
"M",0.535,0.7845,10
"F",0.545,0.9475,8
"I",0.55,0.712,10
"I",0.55,0.89,10
"I",0.55,0.912,9
"I",0.55,0.656,10
"I",0.55,0.936,9
"I",0.555,0.6975,11
"F",0.555,1.1465,8
"I",0.56,0.825,10
"I",0.56,0.72,11
"I",0.565,0.8215,11
"F",0.57,1.017,10
"F",0.575,0.8975,9
"M",0.58,1.2255,10
"F",0.58,0.9865,11
"F",0.58,0.844,9
"I",0.585,0.8465,10
"M",0.585,0.885,10
"I",0.585,0.6735,9
"F",0.585,0.8755,8
"M",0.59,0.9235,9
"M",0.59,0.977,10
"M",0.595,1.0305,10
"M",0.6,1.05,8
"M",0.6,1.1145,11
"M",0.6,0.877,9
"M",0.6,1.285,9
"M",0.61,1.3065,10
"F",0.61,0.8725,11
"F",0.615,1.0265,10
"F",0.62,1.1605,9
"F",0.62,1.0125,10
"M",0.625,1.096,10
"M",0.625,1.205,10
"M",0.63,1.221,12
"F",0.63,1.0005,10
"M",0.63,1.1355,12
"M",0.63,1.3135,10
"M",0.64,1.1955,11
"M",0.64,1.098,10
"M",0.64,1.139,10
"F",0.64,1.2265,11
"M",0.64,1.042,10
"M",0.65,1.368,9
"M",0.65,1.446,12
"F",0.66,1.4045,9
"F",0.66,1.463,11
"F",0.675,1.711,9
"M",0.7,1.74,13
"F",0.705,1.757,9
"M",0.71,1.601,11
"M",0.72,2.165,10
"M",0.725,2.3305,9
"I",0.24,0.0545,5
"I",0.255,0.0725,4
"I",0.275,0.0925,4
"I",0.32,0.183,7
"I",0.325,0.1525,6
"I",0.33,0.187,7
"I",0.36,0.232,8
"I",0.375,0.196,5
"I",0.375,0.2545,6
"I",0.39,0.2625,7
"I",0.45,0.362,7
"I",0.455,0.4445,7
"I",0.46,0.511,7
"I",0.495,0.589,8
"M",0.5,0.5945,9
"I",0.5,0.529,8
"M",0.52,0.872,9
"I",0.52,0.77,7
"F",0.525,0.8435,9
"M",0.535,0.818,7
"F",0.54,0.8035,9
"F",0.54,0.8115,9
"F",0.57,0.782,8
"M",0.57,0.8745,8
"M",0.58,0.984,9
"F",0.58,0.95,8
"M",0.59,1.1735,9
"F",0.59,0.976,10
"M",0.59,1.0785,9
"M",0.595,1.057,9
"M",0.6,1.11,9
"M",0.6,1.142,10
"M",0.605,1.1255,10
"F",0.62,1.1045,10
"M",0.625,1.3405,10
"M",0.625,1.082,8
"F",0.625,1.254,9
"M",0.63,1.2005,10
"M",0.63,1.243,10
"F",0.635,1.286,12
"F",0.645,1.1665,9
"F",0.645,1.144,8
"F",0.65,1.385,11
"F",0.655,1.309,11
"F",0.655,1.527,11
"M",0.665,1.6385,11
"M",0.695,1.691,11
"F",0.72,1.719,11
"F",0.72,1.52,10
"F",0.72,1.613,12
"M",0.735,2.2355,10
"M",0.74,2.3235,11
"I",0.31,0.1245,6
"I",0.315,0.1285,4
"I",0.32,0.181,5
"I",0.325,0.1585,6
"I",0.335,0.1965,7
"I",0.37,0.198,5
"I",0.37,0.1855,7
"I",0.375,0.2145,7
"I",0.4,0.3245,8
"I",0.41,0.2625,6
"I",0.425,0.371,8
"I",0.435,0.298,7
"I",0.445,0.336,7
"I",0.46,0.447,9
"F",0.465,0.4085,8
"I",0.47,0.587,8
"I",0.475,0.494,8
"I",0.495,0.614,8
"I",0.5,0.5075,9
"I",0.5,0.5445,8
"I",0.505,0.6115,9
"I",0.505,0.5605,8
"M",0.505,0.521,8
"I",0.51,0.5775,9
"I",0.51,0.5935,8
"I",0.52,0.597,8
"M",0.52,0.9505,8
"I",0.53,0.616,8
"M",0.53,0.8315,10
"F",0.535,0.8725,8
"I",0.54,0.8155,11
"I",0.54,0.619,10
"I",0.545,0.7595,8
"I",0.545,0.742,10
"I",0.55,0.804,8
"I",0.55,0.664,8
"F",0.55,0.745,9
"I",0.56,0.728,8
"I",0.56,0.777,9
"F",0.575,0.8765,8
"I",0.575,0.9895,9
"M",0.575,0.9655,8
"M",0.58,0.9065,8
"M",0.58,1.049,10
"F",0.58,0.9705,9
"F",0.58,0.92,9
"M",0.58,0.9525,11
"F",0.58,0.7855,11
"I",0.585,0.855,9
"M",0.59,1.142,9
"I",0.59,0.755,9
"I",0.59,0.9745,10
"M",0.595,1.2015,10
"M",0.595,1.1295,10
"I",0.6,0.9205,9
"F",0.6,1.056,10
"M",0.6,1.34,10
"F",0.6,0.9625,9
"M",0.6,1.0475,11
"F",0.605,1.0915,13
"M",0.605,1.167,9
"I",0.605,0.9995,10
"I",0.61,1.0485,11
"F",0.61,1.2735,12
"M",0.61,1.0625,11
"I",0.61,1.1545,11
"F",0.615,1.194,11
"F",0.615,1.1215,9
"M",0.615,0.9335,10
"F",0.615,1.198,10
"F",0.62,0.9545,9
"M",0.62,1.3585,10
"M",0.625,1.2075,11
"M",0.625,1.217,10
"F",0.625,1.217,11
"F",0.625,0.92,10
"M",0.625,0.8765,10
"F",0.63,1.2615,10
"M",0.63,1.2795,9
"F",0.63,1.167,10
"M",0.63,1.1885,7
"F",0.635,1.3765,11
"M",0.635,1.292,11
"M",0.635,1.1795,10
"F",0.635,1.29,8
"M",0.635,1.2075,11
"M",0.64,1.297,11
"M",0.64,1.4585,11
"F",0.645,1.151,12
"F",0.645,1.197,11
"M",0.645,1.539,12
"M",0.65,1.676,15
"F",0.65,1.6645,12
"F",0.655,1.528,11
"F",0.655,1.494,12
"F",0.66,1.277,13
"F",0.66,1.5965,10
"F",0.665,1.3805,10
"I",0.67,1.2565,9
"F",0.67,1.527,12
"M",0.67,1.4005,9
"M",0.67,1.4405,9
"M",0.67,1.482,10
"M",0.68,1.2345,11
"F",0.68,1.3435,12
"M",0.685,1.533,10
"M",0.69,1.8445,13
"M",0.715,1.825,11
"M",0.72,2.0885,13
"M",0.735,2.087,12
"M",0.745,1.884,12
"I",0.32,0.305,6
"I",0.43,0.4295,8
"I",0.43,0.449,6
"M",0.485,1.029,8
"M",0.49,0.981,8
"I",0.5,0.5745,7
"F",0.505,0.693,8
"F",0.51,1.183,9
"F",0.525,0.7905,8
"F",0.535,1.224,10
"I",0.535,0.775,8
"M",0.535,1.2705,13
"M",0.555,1.406,10
"M",0.555,0.873,9
"M",0.56,0.9415,9
"F",0.59,1.007,9
"M",0.595,1.0835,8
"I",0.595,0.9845,8
"F",0.595,1.5245,11
"M",0.61,1.024,9
"M",0.61,1.281,9
"F",0.62,1.148,10
"F",0.625,1.136,9
"F",0.635,1.2235,9
"F",0.635,1.3695,11
"M",0.64,1.006,9
"M",0.64,1.307,11
"M",0.645,1.463,10
"F",0.655,1.2905,10
"F",0.67,1.4265,11
"M",0.68,1.7885,13
"M",0.7,1.6135,11
"M",0.73,2.2305,14
"F",0.75,2.2635,12
"I",0.255,0.074,4
"I",0.375,0.2075,6
"I",0.375,0.237,8
"I",0.39,0.2665,7
"I",0.39,0.215,8
"I",0.395,0.253,6
"I",0.42,0.309,6
"I",0.435,0.3535,7
"I",0.435,0.335,8
"I",0.44,0.3875,9
"I",0.45,0.365,8
"I",0.45,0.4045,8
"I",0.455,0.372,9
"I",0.46,0.3965,8
"I",0.47,0.5225,8
"I",0.475,0.456,9
"I",0.495,0.44,7
"I",0.495,0.507,8
"I",0.5,0.5285,8
"I",0.515,0.572,7
"I",0.52,0.6625,11
"I",0.52,0.6445,11
"I",0.525,0.6275,8
"I",0.535,0.6885,9
"M",0.535,0.6835,8
"M",0.54,0.6855,10
"I",0.55,0.6755,10
"I",0.55,0.783,11
"M",0.56,0.894,9
"I",0.565,0.768,9
"M",0.57,0.95,10
"F",0.57,0.871,10
"M",0.575,0.9785,9
"I",0.575,0.7425,8
"M",0.575,0.737,10
"I",0.575,0.9175,9
"F",0.58,0.8785,10
"M",0.585,1.1275,11
"M",0.59,0.9765,9
"I",0.59,0.974,8
"M",0.59,0.853,9
"M",0.595,0.991,12
"M",0.595,0.9125,9
"F",0.595,0.921,9
"F",0.6,0.869,11
"M",0.6,0.8665,12
"F",0.61,1.089,11
"M",0.615,0.9615,11
"M",0.615,1.145,13
"I",0.62,0.907,11
"F",0.625,1.1635,11
"M",0.63,1.1955,11
"M",0.63,1.31,10
"F",0.635,1.251,11
"F",0.635,1.145,9
"M",0.635,1.154,9
"F",0.64,1.1335,11
"F",0.64,1.2015,9
"M",0.65,1.5595,11
"M",0.65,1.3165,12
"M",0.655,1.403,11
"F",0.655,1.204,9
"F",0.655,1.2895,11
"F",0.66,1.5175,10
"M",0.665,1.3575,10
"M",0.675,1.3645,11
"F",0.68,1.494,11
"F",0.68,1.664,11
"M",0.685,1.545,10
"F",0.695,1.5855,11
"F",0.7,1.666,11
"M",0.71,1.724,13
"F",0.73,1.908,14
"F",0.755,2.073,11
"I",0.225,0.0515,4
"I",0.23,0.057,5
"I",0.255,0.0925,6
"I",0.355,0.204,7
"I",0.425,0.3075,7
"I",0.425,0.262,8
"M",0.455,0.458,8
"M",0.46,0.491,10
"M",0.495,0.474,10
"M",0.51,0.5805,11
"F",0.52,0.728,11
"M",0.525,0.622,9
"M",0.53,0.706,9
"F",0.53,0.5685,9
"M",0.545,0.9385,11
"F",0.55,0.655,8
"M",0.575,0.9465,9
"M",0.58,0.9115,10
"M",0.595,0.942,11
"M",0.6,1.193,8
"M",0.645,1.461,11
"M",0.66,1.489,10
"I",0.29,0.1115,5
"I",0.3,0.1235,5
"I",0.37,0.2815,5
"I",0.375,0.226,7
"I",0.38,0.2285,7
"I",0.395,0.2995,8
"I",0.41,0.361,8
"I",0.415,0.3045,7
"I",0.425,0.3975,7
"I",0.44,0.379,7
"I",0.44,0.4995,6
"M",0.465,0.7775,10
"F",0.47,0.4705,8
"M",0.51,0.751,8
"F",0.525,0.714,10
"F",0.525,0.6995,9
"F",0.55,0.952,7
"M",0.56,0.8755,8
"M",0.575,0.9215,9
"F",0.575,0.8285,10
"M",0.585,1.206,10
"M",0.615,1.2865,11
"F",0.62,1.1945,9
"F",0.63,1.1655,10
"F",0.63,1.2155,10
"M",0.67,1.1735,11
"M",0.675,1.532,11
"F",0.685,1.5105,10
"F",0.485,0.5565,9
"M",0.46,0.547,8
"M",0.46,0.5165,9
"M",0.535,0.764,11
"M",0.465,0.488,10
"M",0.51,0.6905,10
"I",0.335,0.1835,11
"M",0.55,0.97,20
"I",0.18,0.033,5
"I",0.215,0.059,5
"I",0.2,0.046,4
"F",0.625,1.3235,9
"M",0.55,0.8465,13
"M",0.585,1.047,14
"F",0.645,1.2785,13
"F",0.71,1.8745,12
"F",0.7,1.978,24
"F",0.655,1.367,10
"F",0.665,1.742,21
"F",0.47,0.513,11
"M",0.425,0.4085,9
"M",0.54,0.56,7
"M",0.505,0.635,9
"M",0.535,0.875,10
"F",0.43,0.397,9
"M",0.55,0.806,9
"F",0.34,0.204,6
"I",0.275,0.1165,7
"F",0.335,0.17,6
"M",0.64,1.194,15
"F",0.55,0.765,9
"F",0.64,1.151,13
"F",0.545,0.6765,9
"F",0.64,1.571,18
"M",0.605,1.153,15
"M",0.605,1.114,15
"M",0.56,0.9125,10
"F",0.57,0.872,14
"M",0.525,0.792,13
"F",0.505,0.606,11
"M",0.35,0.2265,6
"M",0.45,0.3955,9
"I",0.51,0.61,11
"F",0.49,0.539,12
"F",0.505,0.657,15
"M",0.38,0.2505,8
"I",0.27,0.102,8
"F",0.37,0.2685,7
"M",0.5,0.551,11
"M",0.645,1.307,10
"M",0.565,0.9185,11
"F",0.67,1.707,13
"F",0.59,0.8805,11
"F",0.47,0.4965,6
"F",0.51,0.632,8
"M",0.72,2.2695,16
"M",0.55,0.9235,7
"I",0.2,0.0345,5
"M",0.65,1.3315,13
"F",0.525,0.72,14
"M",0.565,1.032,20
"F",0.61,1.017,12
"F",0.545,0.98,18
"I",0.325,0.1495,5
"I",0.31,0.1515,7
"M",0.45,0.478,11
"F",0.49,0.578,9
"F",0.505,0.6835,10
"F",0.385,0.2725,6
"F",0.62,1.511,17
"F",0.635,1.3035,17
"F",0.665,1.3955,15
"M",0.335,0.1975,9
"I",0.295,0.116,8
"I",0.48,0.523,15
"I",0.32,0.1565,9
"I",0.43,0.384,14
"M",0.565,1.0055,12
"F",0.6,1.1345,10
"F",0.585,1.0835,14
"F",0.555,0.868,13
"F",0.57,1.0915,14
"F",0.62,1.271,11
"M",0.63,1.4985,16
"M",0.425,0.388,10
"F",0.64,1.2355,14
"M",0.675,1.402,16
"M",0.5,0.6025,11
"M",0.385,0.2775,9
"M",0.52,0.973,18
"M",0.52,0.753,8
"M",0.64,1.3765,16
"I",0.44,0.375,9
"F",0.42,0.4135,10
"F",0.45,0.56,13
"I",0.42,0.3915,9
"F",0.64,1.2765,12
"M",0.57,0.96,11
"M",0.41,0.3745,12
"M",0.485,0.696,13
"F",0.61,1.2955,12
"F",0.59,1.2315,13
"M",0.665,1.383,14
"I",0.345,0.2225,8
"M",0.635,1.156,18
"M",0.695,1.477,14
"F",0.69,1.5715,15
"M",0.555,0.858,15
"M",0.65,1.4995,14
"M",0.635,1.467,15
"F",0.655,1.092,14
"F",0.69,1.8165,19
"F",0.695,1.6365,13
"M",0.55,0.906,13
"F",0.61,1.213,15
"M",0.595,1.06,11
"M",0.3,0.161,6
"F",0.435,0.459,9
"I",0.455,0.533,8
"M",0.48,0.6175,12
"I",0.43,0.366,6
"F",0.435,0.4195,7
"I",0.3,0.15,5
"F",0.575,0.8745,12
"M",0.505,0.655,9
"M",0.455,0.484,7
"M",0.64,1.4435,18
"F",0.56,0.8775,13
"F",0.645,1.3105,12
"F",0.595,1.2515,14
"M",0.565,0.9085,17
"F",0.655,1.1705,12
"M",0.48,0.528,14
"F",0.495,0.6625,11
"F",0.4,0.4335,10
"M",0.41,0.3595,11
"F",0.595,1.107,12
"F",0.625,0.8595,13
"M",0.52,0.7735,17
"M",0.465,0.4365,11
"F",0.475,0.501,13
"F",0.5,0.6735,18
"M",0.46,0.415,12
"M",0.485,0.4775,12
"F",0.465,0.5555,15
"M",0.525,0.6445,12
"F",0.655,1.428,18
"M",0.69,1.6195,24
"M",0.55,0.81,11
"F",0.58,1.0385,13
"F",0.59,0.9715,11
"M",0.565,0.868,11
"F",0.665,1.522,13
"F",0.62,1.1255,14
"M",0.55,0.7085,12
"F",0.605,1.0185,15
"M",0.535,0.72,15
"F",0.51,0.6175,12
"M",0.53,0.738,9
"F",0.495,0.597,11
"M",0.575,1.156,13
"F",0.63,1.22,14
"M",0.59,0.7485,14
"F",0.605,1.0735,14
"M",0.645,1.229,17
"F",0.62,1.146,13
"M",0.605,1.145,16
"F",0.615,1.1055,16
"F",0.66,1.67,11
"F",0.71,1.555,15
"F",0.565,0.9285,12
"F",0.57,0.8085,16
"I",0.6,1.057,16
"I",0.41,0.2595,10
"F",0.45,0.438,9
"M",0.275,0.099,5
"I",0.485,0.5085,9
"F",0.62,1.166,13
"F",0.48,0.507,12
"F",0.505,0.6345,17
"M",0.4,0.314,11
"I",0.45,0.4385,11
"M",0.35,0.195,9
"M",0.44,0.451,16
"M",0.265,0.084,7
"M",0.165,0.0245,4
"F",0.705,1.4685,19
"F",0.535,0.7765,16
"I",0.49,0.5425,11
"F",0.48,0.5885,15
"F",0.395,0.3375,12
"I",0.375,0.2565,12
"M",0.345,0.163,10
"I",0.55,0.8095,12
"I",0.635,1.3655,16
"I",0.575,0.967,13
"F",0.545,0.6855,10
"F",0.385,0.314,10
"F",0.51,0.7005,11
"I",0.44,0.4895,13
"I",0.45,0.45,12
"I",0.39,0.259,8
"F",0.425,0.382,12
"F",0.45,0.4435,11
"I",0.66,1.6935,15
"F",0.685,1.71,16
"F",0.585,0.8575,12
"I",0.54,0.97,17
"F",0.49,0.59,12
"M",0.43,0.34,14
"F",0.455,0.385,13
"I",0.495,0.515,13
"F",0.48,0.59,12
"I",0.47,0.51,14
"M",0.415,0.3005,11
"I",0.49,0.683,13
"I",0.47,0.468,10
"I",0.445,0.4075,11
"F",0.51,0.584,13
"F",0.52,0.829,15
"I",0.475,0.4545,8
"F",0.455,0.4385,10
"I",0.435,0.407,10
"I",0.39,0.3085,6
"I",0.375,0.239,8
"M",0.285,0.106,5
"I",0.58,1.178,20
"F",0.58,1.073,19
"M",0.41,0.306,9
"M",0.41,0.301,9
"I",0.54,0.7585,10
"M",0.33,0.171,11
"I",0.44,0.3625,11
"M",0.28,0.0905,5
"I",0.59,1.0885,17
"I",0.61,1.097,13
"I",0.61,1.278,17
"M",0.455,0.44,12
"M",0.33,0.163,10
"I",0.44,0.522,16
"M",0.54,0.9715,19
"F",0.475,0.588,10
"F",0.46,0.5325,10
"I",0.31,0.127,6
"I",0.255,0.0815,5
"M",0.335,0.1635,8
"I",0.295,0.1,8
"I",0.19,0.0265,5
"M",0.545,0.9955,19
"M",0.495,0.6605,15
"M",0.5,0.721,14
"F",0.305,0.1485,7
"F",0.475,0.487,13
"M",0.515,0.955,13
"M",0.545,0.873,18
"M",0.74,1.65,13
"M",0.565,1.1285,16
"M",0.56,1.1115,10
"M",0.545,0.9745,13
"M",0.645,1.4605,19
"M",0.575,1.0105,10
"M",0.62,1.0765,13
"F",0.605,1.2225,13
"M",0.605,1.616,18
"F",0.475,0.559,12
"M",0.365,0.2205,9
"F",0.46,0.44,8
"M",0.53,0.879,10
"M",0.48,0.6815,18
"M",0.455,0.5795,13
"I",0.35,0.209,9
"M",0.37,0.224,8
"I",0.34,0.1765,7
"I",0.35,0.196,8
"I",0.35,0.192,6
"I",0.39,0.3095,7
"I",0.395,0.313,7
"I",0.415,0.3595,6
"I",0.43,0.3855,7
"I",0.48,0.5785,8
"M",0.49,0.674,9
"F",0.49,0.5265,7
"F",0.56,1.0315,9
"M",0.56,0.9,7
"M",0.58,1.0165,9
"F",0.58,1.2495,8
"M",0.59,1.1685,8
"F",0.595,1.148,10
"M",0.6,1.089,11
"M",0.61,1.0325,9
"F",0.63,1.172,11
"M",0.64,1.3715,10
"F",0.65,1.5055,10
"M",0.71,1.9045,13
"M",0.74,2.4925,13
"I",0.25,0.0805,4
"I",0.28,0.111,6
"I",0.325,0.152,6
"I",0.35,0.199,5
"I",0.36,0.219,6
"I",0.365,0.2155,6
"I",0.37,0.2565,6
"I",0.375,0.257,7
"I",0.38,0.2505,6
"I",0.395,0.279,8
"I",0.43,0.378,6
"I",0.44,0.456,8
"I",0.465,0.5055,7
"F",0.465,0.4705,7
"M",0.48,0.643,8
"I",0.485,0.513,7
"F",0.49,0.569,9
"I",0.495,0.578,8
"I",0.5,0.596,8
"F",0.505,0.5725,8
"M",0.52,0.6435,7
"M",0.52,0.8115,7
"F",0.525,0.7115,7
"M",0.55,0.9155,8
"F",0.555,0.8815,8
"F",0.555,0.931,8
"F",0.575,1.065,8
"M",0.6,1.1385,9
"F",0.61,1.234,12
"F",0.61,1.2635,10
"F",0.61,1.0745,8
"M",0.615,1.403,8
"M",0.62,1.1325,9
"F",0.625,1.1115,11
"F",0.625,1.255,10
"M",0.625,1.437,11
"M",0.635,1.3635,10
"F",0.64,1.1435,9
"M",0.64,1.4545,9
"M",0.66,1.478,10
"F",0.665,1.6885,11
"F",0.715,2.0725,10
"M",0.72,1.787,11
"F",0.725,1.523,9
"I",0.165,0.021,3
"I",0.21,0.0455,4
"I",0.355,0.2435,6
"I",0.4,0.2675,6
"I",0.4,0.258,7
"I",0.4,0.2985,6
"I",0.435,0.411,7
"I",0.44,0.38,7
"I",0.45,0.4385,8
"I",0.465,0.4015,6
"I",0.47,0.4485,7
"I",0.47,0.4155,7
"I",0.475,0.7095,8
"I",0.485,0.637,7
"F",0.505,1.1155,8
"I",0.51,0.599,8
"I",0.52,0.5345,8
"F",0.53,0.627,8
"M",0.535,0.7465,10
"M",0.55,0.985,8
"M",0.555,0.85,8
"M",0.555,0.838,8
"F",0.555,0.812,9
"M",0.56,0.7615,8
"M",0.575,0.87,8
"F",0.585,0.9835,9
"M",0.59,0.929,10
"F",0.595,1.0155,9
"M",0.6,0.939,8
"M",0.6,1.164,12
"M",0.61,1.214,10
"F",0.615,1.1345,11
"F",0.62,1.233,10
"M",0.625,1.0815,10
"M",0.625,1.179,9
"F",0.64,1.1635,11
"F",0.64,1.1545,9
"F",0.645,1.3345,10
"M",0.65,1.469,9
"M",0.655,1.492,11
"F",0.655,1.5585,11
"F",0.66,1.3275,9
"M",0.67,1.6615,10
"F",0.69,1.492,12
"F",0.7,1.7365,11
"F",0.7,1.6605,11
"M",0.71,1.348,11
"M",0.715,1.7405,10
"F",0.72,1.7185,11
"I",0.215,0.041,3
"I",0.24,0.0655,4
"I",0.26,0.097,4
"I",0.32,0.131,6
"I",0.33,0.1695,6
"I",0.335,0.192,6
"I",0.35,0.1765,7
"I",0.35,0.1735,6
"I",0.36,0.1785,6
"I",0.36,0.2055,7
"I",0.365,0.2345,7
"I",0.38,0.2305,7
"I",0.4,0.314,6
"I",0.4,0.33,6
"I",0.4,0.2775,9
"I",0.425,0.405,8
"I",0.43,0.309,6
"M",0.435,0.4385,7
"I",0.435,0.396,8
"I",0.445,0.3615,8
"I",0.45,0.514,8
"I",0.455,0.4265,8
"I",0.46,0.384,8
"I",0.475,0.4865,9
"I",0.475,0.4355,8
"I",0.475,0.498,7
"I",0.48,0.494,9
"F",0.495,0.594,7
"I",0.5,0.528,9
"M",0.505,0.5585,8
"I",0.515,0.636,9
"I",0.525,0.567,8
"I",0.53,0.6615,9
"I",0.53,0.658,8
"M",0.535,0.78,8
"I",0.535,0.6075,9
"I",0.54,0.7025,8
"I",0.55,0.8725,10
"F",0.565,1.2365,10
"M",0.57,1.186,10
"I",0.57,0.7745,9
"F",0.57,0.8875,8
"I",0.575,0.8725,8
"I",0.575,0.8515,9
"F",0.575,0.895,9
"M",0.575,0.886,9
"I",0.58,0.9265,10
"I",0.58,0.8295,10
"I",0.58,0.907,11
"M",0.58,1.041,9
"F",0.585,0.9355,9
"F",0.585,1.058,9
"F",0.595,0.7955,10
"F",0.6,1.0805,9
"M",0.6,0.928,8
"F",0.6,1.059,11
"M",0.6,1.157,11
"F",0.6,1.088,10
"F",0.6,0.776,9
"F",0.62,1.043,10
"M",0.625,1.1415,9
"F",0.625,1.3335,10
"F",0.625,1.273,9
"M",0.625,1.1835,11
"M",0.625,1.2135,9
"I",0.63,1.0315,11
"M",0.635,1.3695,10
"M",0.65,1.3745,12
"M",0.65,1.463,11
"F",0.65,1.6275,11
"F",0.65,1.3875,9
"M",0.655,1.46,11
"F",0.655,1.2835,8
"F",0.66,1.3765,12
"M",0.66,1.6465,11
"M",0.675,1.265,10
"M",0.685,1.56,11
"M",0.715,1.6,12
"M",0.735,2.333,12
"I",0.175,0.028,4
"I",0.37,0.226,8
"I",0.395,0.2855,5
"I",0.42,0.325,7
"I",0.455,0.514,8
"I",0.495,0.5755,8
"F",0.51,0.5805,7
"M",0.515,0.678,8
"M",0.545,0.8035,7
"F",0.555,0.913,9
"M",0.58,0.8675,9
"F",0.59,1.0425,10
"M",0.6,1.14,10
"F",0.61,1.3475,11
"M",0.615,1.0735,11
"M",0.615,1.4335,9
"M",0.615,1.304,14
"M",0.62,0.9505,9
"M",0.63,1.385,11
"F",0.64,1.12,12
"F",0.64,1.2645,9
"F",0.655,1.275,8
"M",0.655,1.27,10
"M",0.66,1.583,10
"F",0.665,1.4355,9
"F",0.67,1.42,10
"M",0.69,1.5955,10
"M",0.715,1.89,10
"F",0.735,2.037,13
"I",0.27,0.084,6
"I",0.285,0.1005,7
"I",0.295,0.1285,5
"I",0.3,0.1345,5
"I",0.3,0.1195,5
"I",0.36,0.1895,6
"I",0.37,0.257,6
"I",0.39,0.2745,8
"I",0.435,0.342,6
"I",0.44,0.344,8
"I",0.44,0.3275,8
"I",0.445,0.4035,7
"I",0.465,0.4075,9
"I",0.465,0.4975,8
"I",0.47,0.3685,8
"I",0.475,0.4175,7
"I",0.475,0.4425,9
"I",0.475,0.4225,9
"I",0.485,0.426,8
"I",0.49,0.511,9
"I",0.515,0.573,9
"I",0.52,0.6385,8
"I",0.525,0.657,10
"F",0.525,0.8735,10
"I",0.53,0.781,9
"I",0.53,0.6765,9
"M",0.53,0.769,9
"I",0.53,0.6235,11
"M",0.535,0.7315,7
"I",0.535,0.8075,10
"M",0.545,0.737,9
"F",0.545,0.654,10
"I",0.55,0.7915,10
"I",0.55,0.753,8
"I",0.55,0.717,9
"I",0.555,0.783,9
"I",0.575,0.872,9
"I",0.575,0.983,8
"F",0.585,1.034,11
"F",0.585,0.9855,10
"I",0.585,0.7635,9
"M",0.59,0.9895,8
"I",0.595,0.9365,10
"F",0.595,0.964,10
"F",0.595,1.0455,10
"F",0.595,1.081,12
"M",0.6,1.012,10
"F",0.6,1.122,10
"M",0.605,1.1245,11
"F",0.605,1.1345,10
"M",0.61,1.0805,10
"F",0.61,1.0835,9
"M",0.615,1.242,11
"M",0.62,1.3915,11
"M",0.62,1.085,10
"I",0.62,0.966,11
"M",0.62,1.0855,10
"F",0.625,1.3025,14
"I",0.625,1.15,11
"I",0.63,1.217,11
"F",0.63,1.306,9
"M",0.64,1.273,13
"M",0.645,1.4865,12
"M",0.65,1.3655,11
"M",0.65,1.276,11
"M",0.65,1.2075,10
"F",0.65,1.281,10
"M",0.65,1.4275,13
"M",0.65,1.155,12
"F",0.65,1.35,10
"M",0.65,1.3685,11
"F",0.66,1.431,10
"M",0.66,1.261,10
"F",0.665,1.764,11
"F",0.67,1.278,11
"M",0.67,1.217,11
"F",0.67,1.46,9
"F",0.675,1.5575,11
"M",0.675,1.527,11
"F",0.675,1.4985,9
"M",0.685,1.885,10
"M",0.685,1.432,11
"M",0.705,1.4385,11
"F",0.705,1.564,10
"M",0.71,2.14,11
"F",0.725,1.792,11
"M",0.78,2.548,11
"I",0.235,0.1585,5
"I",0.35,0.4015,7
"I",0.36,0.465,7
"I",0.38,0.2885,7
"F",0.38,0.6475,7
"M",0.43,0.6485,9
"I",0.465,0.452,9
"I",0.47,0.4915,9
"F",0.485,0.9145,7
"M",0.495,0.976,9
"I",0.5,0.7865,8
"M",0.505,0.775,7
"I",0.51,0.8415,10
"M",0.51,0.681,9
"M",0.515,0.6145,9
"F",0.55,1.1655,9
"F",0.575,1.764,10
"M",0.605,1.1215,10
"M",0.615,1.167,10
"M",0.615,1.0375,9
"M",0.625,1.223,10
"M",0.625,1.124,9
"F",0.635,1.2635,9
"F",0.65,1.238,9
"F",0.65,1.4045,11
"F",0.67,1.37,12
"F",0.695,1.8185,13
"F",0.705,1.7525,12
"I",0.275,0.101,5
"I",0.285,0.106,5
"I",0.36,0.1865,7
"I",0.385,0.2575,6
"I",0.4,0.3225,6
"I",0.43,0.32,7
"I",0.435,0.4155,8
"I",0.45,0.3935,7
"I",0.475,0.4775,8
"I",0.475,0.452,8
"I",0.485,0.5065,8
"I",0.51,0.5525,8
"I",0.515,0.565,9
"I",0.52,0.699,10
"I",0.525,0.6055,9
"M",0.53,0.7905,9
"M",0.53,0.702,9
"M",0.53,0.675,10
"I",0.53,0.475,8
"I",0.53,0.612,11
"I",0.535,0.705,10
"I",0.535,0.728,9
"F",0.555,0.846,10
"M",0.555,0.86,10
"M",0.56,0.8875,9
"F",0.56,0.898,9
"I",0.565,0.6545,9
"I",0.575,0.795,10
"M",0.575,1.0535,9
"F",0.575,0.927,9
"I",0.58,0.701,9
"M",0.58,0.8275,8
"F",0.585,0.9845,13
"M",0.585,0.9565,9
"I",0.59,0.86,9
"M",0.595,1.1785,10
"M",0.615,1.2205,10
"M",0.615,0.9685,10
"F",0.62,1.107,11
"I",0.62,1.1305,12
"M",0.62,1.2555,11
"M",0.625,1.177,9
"M",0.625,1.2425,10
"M",0.63,1.09,12
"F",0.63,1.072,8
"F",0.645,1.129,10
"F",0.65,1.2075,10
"F",0.65,1.227,11
"F",0.655,1.472,13
"F",0.665,1.5785,14
"M",0.67,1.4755,10
"M",0.675,1.5545,12
"F",0.675,1.593,11
"M",0.695,1.8995,13
"F",0.695,1.361,10
"F",0.705,1.4575,11
"M",0.74,2.381,12
"I",0.205,0.0495,3
"I",0.305,0.1455,6
"I",0.32,0.129,7
"I",0.355,0.2255,7
"M",0.425,0.359,9
"I",0.425,0.3505,8
"F",0.45,0.5885,8
"M",0.515,0.623,10
"F",0.52,0.5375,8
"I",0.525,0.5655,8
"M",0.555,0.8625,9
"F",0.61,1.137,12
"I",0.35,0.221,8
"I",0.38,0.2425,6
"I",0.46,0.386,8
"M",0.465,0.5315,8
"M",0.475,0.562,8
"M",0.565,0.836,9
"M",0.57,0.9275,8
"M",0.57,0.8815,10
"M",0.595,1.03,10
"F",0.605,1.1685,9
"F",0.615,1.059,9
"M",0.62,1.127,7
"M",0.625,1.1665,11
"F",0.68,1.541,10
"M",0.68,1.7825,11
"M",0.68,1.543,11
"F",0.71,1.47,12
"M",0.5,0.6335,14
"F",0.545,0.754,10
"F",0.46,0.4485,14
"M",0.535,0.8105,11
"M",0.335,0.22,6
"F",0.425,0.4425,7
"M",0.41,0.3555,9
"I",0.17,0.034,4
"I",0.335,0.185,8
"M",0.52,0.79,8
"F",0.53,0.8255,9
"M",0.5,0.62,11
"F",0.615,0.9525,9
"M",0.575,0.955,16
"M",0.57,0.91,14
"M",0.455,0.416,11
"I",0.37,0.2045,6
"M",0.445,0.515,9
"F",0.675,1.604,14
"M",0.385,0.3435,6
"F",0.375,0.3005,7
"M",0.56,0.8255,10
"M",0.55,0.785,12
"F",0.57,0.9685,9
"F",0.485,0.731,11
"M",0.41,0.4405,8
"I",0.335,0.1785,9
"M",0.655,1.373,16
"F",0.565,0.9765,12
"F",0.57,1.018,9
"F",0.55,1.082,14
"F",0.63,1.423,14
"M",0.475,0.655,10
"F",0.655,1.4155,18
"I",0.32,0.1385,5
"M",0.525,0.782,19
"F",0.525,0.717,10
"F",0.5,0.6355,15
"F",0.44,0.3975,8
"F",0.49,0.656,9
"M",0.545,0.744,15
"F",0.45,0.447,12
"F",0.515,0.578,9
"I",0.33,0.1405,5
"F",0.525,0.708,12
"M",0.295,0.1385,9
"M",0.545,0.8615,16
"F",0.645,1.626,15
"M",0.45,0.478,10
"F",0.61,1.1775,15
"I",0.38,0.286,7
"F",0.565,1.058,10
"F",0.67,1.5415,15
"M",0.54,0.817,10
"I",0.29,0.152,9
"I",0.41,0.335,7
"F",0.46,0.4915,7
"F",0.56,0.9705,9
"F",0.575,0.9315,12
"M",0.62,1.221,12
"M",0.515,0.7365,16
"F",0.56,0.97,12
"F",0.5,0.8085,13
"I",0.435,0.4075,9
"M",0.495,0.6295,12
"F",0.595,1.053,13
"M",0.76,1.829,14
"F",0.615,1.1765,17
"F",0.565,0.8765,10
"I",0.14,0.0145,4
"M",0.445,0.476,15
"F",0.525,0.813,12
"I",0.16,0.018,4
"M",0.635,1.064,16
"M",0.575,0.853,16
"M",0.38,0.219,6
"M",0.245,0.0635,4
"I",0.48,0.6275,13
"I",0.455,0.441,9
"F",0.455,0.458,10
"M",0.455,0.4745,13
"I",0.355,0.216,10
"I",0.52,0.6765,15
"I",0.54,0.757,11
"I",0.52,0.7325,19
"I",0.56,1.0285,11
"F",0.52,0.712,10
"I",0.615,1.066,13
"F",0.645,1.3065,18
"I",0.565,0.8545,11
"M",0.295,0.125,8
"M",0.375,0.2225,10
"I",0.525,0.6955,10
"M",0.395,0.266,12
"F",0.5,0.7105,20
"F",0.47,0.487,8
"I",0.58,0.728,14
"I",0.5,0.6675,12
"I",0.725,2.0495,10
"F",0.65,1.498,16
"F",0.67,1.597,21
"I",0.55,0.8605,17
"F",0.49,0.541,11
"I",0.235,0.058,6
"I",0.235,0.0645,5
"M",0.52,0.77,11
"F",0.475,0.541,13
"M",0.53,0.739,13
"F",0.35,0.205,10
"M",0.555,0.8695,14
"M",0.505,0.6555,11
"F",0.54,1.0905,15
"F",0.525,0.6295,11
"M",0.55,1.0985,14
"M",0.55,0.991,20
"I",0.235,0.0615,6
"M",0.525,0.8005,13
"M",0.475,0.6175,16
"F",0.53,0.772,12
"F",0.525,0.7155,13
"F",0.53,0.717,13
"F",0.465,0.6355,13
"I",0.315,0.18,5
"I",0.465,0.5805,8
"M",0.485,0.556,7
"I",0.49,0.591,9
"F",0.515,0.686,12
"F",0.555,1.016,10
"F",0.61,1.438,9
"F",0.68,1.807,11
"M",0.69,1.777,11
"M",0.695,2.173,10
"F",0.72,2.1505,10
"I",0.27,0.118,4
"I",0.27,0.099,5
"I",0.295,0.1365,6
"I",0.295,0.1295,6
"I",0.315,0.164,6
"I",0.375,0.2875,6
"I",0.38,0.277,6
"I",0.385,0.248,6
"I",0.4,0.252,6
"M",0.415,0.4015,8
"I",0.415,0.3905,7
"I",0.42,0.409,8
"I",0.44,0.4095,6
"I",0.45,0.494,7
"I",0.475,0.4905,7
"M",0.485,0.599,8
"M",0.495,0.6245,6
"F",0.525,0.7745,7
"M",0.565,0.9795,8
"I",0.58,0.8915,6
"F",0.585,0.874,6
"M",0.6,1.262,10
"M",0.63,1.21,11
"F",0.645,1.37,10
"F",0.655,1.759,11
"M",0.665,1.3855,8
"F",0.67,1.8065,11
"M",0.67,1.5945,10
"M",0.685,1.4545,9
"M",0.7,2.003,10
"M",0.72,2.2385,12
"I",0.185,0.032,4
"I",0.245,0.0785,5
"I",0.315,0.134,6
"I",0.36,0.2075,6
"I",0.375,0.2235,6
"I",0.415,0.34,6
"I",0.455,0.5365,7
"I",0.48,0.635,6
"I",0.485,0.562,8
"I",0.51,0.597,8
"M",0.52,0.5815,10
"F",0.555,0.7545,9
"M",0.585,0.98,9
"F",0.585,1.0035,11
"M",0.585,1.133,12
"M",0.61,1.146,8
"M",0.61,1.142,9
"M",0.615,1.12,9
"F",0.62,1.011,8
"M",0.625,1.131,8
"M",0.625,1.065,10
"M",0.635,1.181,10
"F",0.64,1.382,9
"M",0.66,1.4385,11
"M",0.66,1.2275,8
"M",0.66,1.4415,10
"F",0.68,1.473,11
"F",0.69,1.658,10
"M",0.72,1.7475,11
"I",0.275,0.096,6
"I",0.33,0.1445,6
"I",0.33,0.1965,7
"I",0.365,0.196,7
"I",0.365,0.2155,6
"I",0.42,0.2805,8
"I",0.435,0.334,7
"I",0.435,0.366,7
"I",0.44,0.4965,8
"I",0.485,0.651,8
"I",0.495,0.5125,10
"M",0.51,0.6925,7
"I",0.52,0.5995,11
"I",0.54,0.74,8
"I",0.54,0.702,10
"I",0.55,0.672,11
"I",0.56,0.811,11
"F",0.575,0.9585,12
"I",0.575,0.858,10
"F",0.575,0.9575,10
"F",0.58,0.926,8
"F",0.58,0.873,10
"M",0.59,0.998,9
"M",0.6,0.6655,11
"M",0.62,1.003,11
"F",0.625,1.234,13
"M",0.625,1.025,9
"M",0.625,1.2935,9
"M",0.625,1.0565,10
"M",0.625,1.7855,13
"F",0.625,1.2255,10
"F",0.635,1.2565,10
"F",0.645,1.159,9
"M",0.645,1.403,11
"F",0.69,1.826,11
"F",0.695,1.7715,10
"M",0.515,0.6125,8
"I",0.545,0.658,8
"M",0.62,0.911,10
"M",0.63,1.1955,9
"F",0.63,1.336,11
"F",0.64,1.36,9
"I",0.37,0.2325,6
"I",0.395,0.317,7
"I",0.4,0.318,6
"I",0.41,0.2645,7
"I",0.455,0.4055,8
"I",0.48,0.524,7
"I",0.485,0.464,8
"I",0.5,0.439,8
"I",0.515,0.5805,9
"I",0.52,0.622,8
"M",0.545,0.7805,8
"I",0.545,0.772,8
"I",0.55,0.741,9
"M",0.55,0.8265,10
"M",0.55,0.7275,8
"I",0.555,0.7005,8
"M",0.56,0.9355,11
"I",0.565,1.1815,9
"M",0.57,1.0145,10
"F",0.575,1.1,10
"M",0.585,1.218,11
"M",0.59,0.874,8
"I",0.595,0.984,10
"M",0.6,1.0105,9
"M",0.61,1.0765,9
"M",0.615,1.337,11
"M",0.625,1.3705,12
"F",0.625,1.7015,11
"M",0.63,1.2435,11
"M",0.63,1.4135,13
"F",0.635,1.073,11
"F",0.635,1.477,12
"M",0.635,1.2915,9
"F",0.65,1.3105,9
"M",0.67,1.4915,9
"F",0.675,1.494,9
"F",0.675,1.1965,11
"M",0.68,1.672,11
"M",0.7,1.9125,10
"F",0.71,1.907,11
"F",0.715,1.79,9
"F",0.72,1.7495,11
"I",0.42,0.3415,7
"I",0.48,0.519,7
"M",0.48,0.5305,8
"M",0.51,1.2825,9
"I",0.515,0.7165,8
"F",0.56,1.6645,9
"I",0.56,0.837,8
"F",0.57,0.9645,9
"F",0.605,1.1,10
"M",0.625,1.2415,9
"F",0.64,1.3185,9
"M",0.65,1.3455,9
"I",0.3,0.1185,4
"M",0.35,0.197,7
"I",0.455,0.4725,9
"I",0.46,0.4495,8
"I",0.49,0.557,8
"I",0.5,0.516,8
"I",0.54,0.709,9
"M",0.55,0.7385,11
"I",0.55,0.7935,10
"M",0.555,0.9205,8
"I",0.57,0.7655,10
"M",0.58,0.824,10
"I",0.58,0.83,11
"I",0.585,0.985,10
"M",0.585,0.997,11
"F",0.595,0.914,9
"F",0.6,1.13,11
"F",0.615,1.0805,9
"M",0.63,1.105,11
"M",0.63,1.229,11
"F",0.635,1.2355,10
"F",0.645,1.2395,10
"F",0.65,1.357,11
"M",0.655,1.402,13
"F",0.655,1.359,13
"M",0.67,1.669,11
"M",0.67,1.7405,11
"M",0.695,1.51,10
"M",0.695,1.6645,11
"M",0.77,2.0505,11
"I",0.28,0.124,6
"I",0.33,0.14,7
"I",0.35,0.1695,6
"I",0.37,0.218,7
"I",0.43,0.384,8
"I",0.435,0.393,6
"I",0.44,0.3805,6
"M",0.475,0.4895,8
"M",0.475,0.5135,8
"I",0.48,0.4495,8
"F",0.56,0.8025,9
"F",0.585,1.053,11
"F",0.585,0.9945,11
"M",0.385,0.3175,8
"I",0.39,0.344,7
"I",0.39,0.2845,7
"I",0.405,0.3035,7
"I",0.475,0.499,10
"M",0.5,0.577,9
"F",0.515,0.615,8
"M",0.52,0.791,10
"M",0.55,0.8395,10
"M",0.56,0.8675,8
"F",0.565,0.887,11
"M",0.59,0.966,10
"M",0.6,1.176,9
"F",0.625,1.0945,10
"M",0.71,1.9485,12
